3600
3600
3600
3600
3600
3600
3600
3600
3600
3600
3600
3600
3600
3600
3600
3600
3600
3600
3600
3600
3600
3600
3600
3600
3600
3600
3600
3600
3600
3600
3600
3600
3600
3600
3600
3600
3600
3600
3600
3600
3600
3600
3600
3600
3600
3600
3600
3600
3600
3600
3600
5000
5000
5000
5000
5000
5000
5000
5000
5000
5000
5000
5000
5000
5000
5000
5000
5000
5000
5000
5000
5000
5000
5000
6000
6000
6000
6000
6000
6000
6000
6000
6000
6000
6000
6000
6000
6000
6000
6000
6000
6000
6000
6000
6000
6000
3600
3600
3600
3600
3600
3600
3600
3600
3600
3600
3600
3600
3600
3600
6700
6700
6700
6700
6700
6700
6700
6700
6700
6700
6700
6700
6700
6700
6700
6700
6700
6700
6700
6700
6700
6700
6700
6700
6700
6700
6700
6700
4500
4500
4500
4500
4500
4500
4500
4500
4500
4500
4500
4500
4500
4500
4500
4500
4500
4500
4500
4500
4500
4500
4500
4500
4500
4500
4500
4500
4500
6000
6000
6000
6000
6000
6000
6000
6000
6000
6000
6000
6000
6000
6000
6000
6000
6000
6000
6000
6000
6000
6000
6000
6000
6000
6000
6000
6000
6000
6000
6000
6000
6000
6000
6000
6000
6000
6000
6000
6000
6000
6000
6000
6000
6000
6000
6000
6000
6000
6000
6000
6000
6000
6000
