MD (m)	TVD (m)	TVDSS (m)	TWT ( ms )	Vint (m/s)
14	14	0	0	1500
15.47	15.47	1.47	4.06	724.137939
16.14	16.14	2.14	5.88	736.2631836
16.88	16.88	2.88	7.93	721.951111
16.93	16.93	2.93	8.06	769.248291
16.98	16.98	2.98	8.2	714.2668457
19.75	19.75	5.75	11.93	1485.2550049
19.96	19.96	5.96	12.2	1555.5465088
22.93	22.93	8.93	16.2	1485.0010986
25.91	25.91	11.91	20.2	1490
28.88	28.88	14.88	24.2	1485
34.83	34.83	20.83	32.2	1487.5001221
40.79	40.79	26.79	40.2	1490
43.76	43.76	29.76	44.2	1485
46.74	46.74	32.74	48.2	1490.0010986
49.71	49.71	35.71	52.2	1484.9980469
52.69	52.69	38.69	56.2	1490
55.66	55.66	41.66	60.2	1485.0020752
58.64	58.64	44.64	64.2	1490
64.59	64.59	50.59	72.2	1487.4985352
67.56	67.56	53.56	76.2	1485.005249
70.54	70.54	56.54	80.2	1490
73.51	73.51	59.51	84.2	1485
76.49	76.49	62.49	88.2	1489.9971924
79.46	79.46	65.46	92.2	1485
82.44	82.44	68.44	96.2	1490
85.41	85.41	71.41	100.2	1485.00293
88.39	88.39	74.39	104.2	1489.9971924
91.36	91.36	77.36	108.2	1485
94.34	94.34	80.34	112.2	1489.99707
100.29	100.29	86.29	120.2	1487.503418
103.27	103.27	89.27	124.2	1489.99707
106.24	106.24	92.24	128.2	1485
109.22	109.22	95.22	132.2	1489.9978027
112.19	112.19	98.19	136.2	1485.0019531
115.17	115.17	101.17	140.2	1490
118.14	118.14	104.14	144.2	1485.0019531
124.1	124.1	110.1	152.2	1489.998779
127.07	127.07	113.07	156.2	1485.0018311
130.05	130.0500183	116.050011	160.2	1490.0030518
133.02	133.02	119.02	164.2	1485.0018311
136	136	122	168.2	1489.994141
138.97	138.97	124.97	172.2	1485.001709
141.95	141.9499817	127.949989	176.2	1489.9940186
144.92	144.92	130.92	180.2	1485.0075684
147.9	147.9	133.9	184.2	1489.994141
150.88	150.88	136.88	188.2	1490.00647
153.85	153.85	139.85	192.2	1485.0015869
156.83	156.83	142.83	196.2	1489.9940186
159.8	159.8	145.8	200.2	1485.0080566
162.78	162.78	148.78	204.2	1489.9940186
165.75	165.75	151.75	208.2	1485.0014648
168.73	168.73	154.73	212.2	1489.9940186
171.7	171.7	157.7	216.2	1485.0013428
174.68	174.68	160.68	220.2	1489.9938965
177.66	177.66	163.66	224.2	1490.01355
180.63	180.63	166.63	228.2	1484.9957275
183.61	183.61	169.61	232.2	1490
186.58	186.58	172.58	236.2	1485.001221
189.56	189.5600128	175.5600128	240.2	1490.001709
192.53	192.53	178.53	244.2	1485.001221
195.51	195.51	181.51	248.2	1489.9938965
198.48	198.48	184.48	252.2	1484.9954834
201.46	201.46	187.46	256.2	1490
204.44	204.4399872	190.4399872	260.2	1489.9937744
207.41	207.41	193.41	264.2	1485.0151367
210.39	210.39	196.39	268.2	1489.9937744
213.36	213.36	199.36	272.2	1484.9953613
216.34	216.34	202.34	276.2	1489.9936523
219.31	219.3100128	205.3100128	280.2	1485.0155029
222.29	222.29	208.29	284.2	1489.9937744
225.26	225.26	211.26	288.2	1484.995239
228.24	228.24	214.24	292.2	1490.01123
231.22	231.22	217.22	296.2	1489.9936523
234.19	234.1899872	220.1899872	300.2	1484.9951172
237.17	237.17	223.17	304.2	1490.003418
240.14	240.14	226.14	308.2	1485.0062256
243.12	243.12	229.12	312.2	1489.99353
246.09	246.09	232.09	316.2	1484.9949951
249.06	249.0600128	235.0600128	320.2	1485.0053711
252.04	252.04	238.04	324.2	1490.0046387
255.02	255.02	241.02	328.2	1490
257.99	257.99	243.99	332.2	1484.9886475
260.97	260.97	246.97	336.2	1490.0108643
263.9500122	263.9500122	249.95	340.2	1490
269.9	269.9	255.9	348.2	1487.496582
272.87	272.87	258.87	352.2	1485.005859
275.85	275.85	261.85	356.2	1490
278.82	278.82	264.82	360.2	1485.0063477
281.8	281.8	267.8	364.2	1489.9873047
284.78	284.78	270.78	368.2	1490.01062
287.75	287.75	273.75	372.2	1484.9946289
290.730011	290.730011	276.730011	376.2	1490
293.7	293.7	279.7	380.2	1485.0056152
296.68	296.68	282.68	384.2	1489.9871826
299.65	299.65	285.65	388.2	1485.006958
302.63	302.63	288.63	392.2	1490
305.6	305.6	291.6	396.2	1485.0054932
308.5799866	308.5799866	294.5799866	400.2	1489.9871826
311.56	311.56	297.56	404.2	1490.012207
314.53	314.53	300.53	408.2	1484.9943848
317.51001	317.51001	303.51001	412.2	1490.0102539
320.480011	320.480011	306.480011	416.2	1484.9942627
323.46	323.46	309.46	420.2	1489.9871826
326.43	326.43	312.43	424.2	1485.005249
329.4	329.4	315.4	428.2	1485.0078125
332.38	332.38	318.38	432.2	1490
335.3599854	335.3599854	321.3599854	436.2	1489.9871826
338.34	338.34	324.34	440.2	1490.01001
341.31	341.31	327.31	444.2	1485.008301
344.29	344.29	330.29	448.2	1489.9989014
347.26001	347.26001	333.26001	452.2	1484.9940186
350.24	350.24	336.24	456.2	1489.998291
353.21	353.21	339.21	460.2	1484.9938965
356.19	356.19	342.19	464.2	1489.998779
359.16	359.16	345.16	468.2	1485.0198975
362.1400146	362.1400146	348.1400146	472.2	1489.998779
365.12	365.12	351.12	476.2	1489.9871826
368.09	368.09	354.09	480.2	1484.9937744
371.07	371.0700378	357.0700378	484.2	1490.0251465
374.04	374.04	360.04	488.2	1484.9937744
377.019989	377.019989	363.019989	492.2	1489.9873047
382.96	382.96	368.96	500.2	1484.9936523
385.94	385.9399719	371.9399719	504.2	1489.9984131
388.9200134	388.9200134	374.9200134	508.2	1490.0367432
391.9	391.9	377.9	512.2	1489.9873047
394.87	394.87	380.87	516.2	1484.99353
397.85	397.85	383.85	520.2	1489.998291
400.82	400.8200378	386.8200378	524.2	1485.0101318
406.769989	406.769989	392.769989	532.2	1487.4903564
409.75	409.75	395.75	536.2	1490.0203857
412.72	412.72	398.72	540.2	1484.9932861
418.68	418.6799622	404.6799622	548.2	1489.9926758
421.65	421.65	407.65	552.2	1485.0107422
427.6	427.6	413.6	560.2	1487.4956055
430.5799866	430.5799866	416.5799866	564.2	1490.009399
433.5499878	433.5500183	419.5500183	568.2	1485.0111084
436.53	436.53	422.53	572.2	1489.9979248
439.5	439.5	425.5	576.2	1484.993042
442.480011	442.480011	428.480011	580.2	1489.9978027
445.46	445.46	431.46	584.2	1489.9871826
451.4	451.4	437.4	592.2	1485.002319
454.38	454.38	440.38	596.2	1490.02002
457.3599854	457.3599854	443.3599854	600.2	1489.9871826
460.3299866	460.3299866	446.3299866	604.2	1484.9927979
466.29	466.29	452.29	612.2	1490.0073242
469.26001	469.26001	455.26001	616.2	1484.9926758
472.24	472.24	458.24	620.2	1489.9871826
475.21	475.21	461.21	624.2	1485.014771
478.19	478.19	464.19	628.2	1490.0074463
481.16	481.16	467.16	632.2	1485.0026855
484.1400146	484.1400146	470.1400146	636.2	1489.9974365
487.1099854	487.1099854	473.1099854	640.2	1484.9823
490.09	490.09	476.09	644.2	1489.9973145
493.07	493.07	479.07	648.2	1490.0075684
496.04	496.04	482.04	652.2	1485.0249023
499.019989	499.019989	485.019989	656.2	1489.9873047
501.99	501.99	487.99	660.2	1484.9924316
504.97	504.97	490.97	664.2	1489.9971924
507.9500122	507.9500122	493.9500122	668.2	1490.00769
510.9200134	510.9200134	496.9200134	672.2	1485.00293
513.8900146	513.8900146	499.8900146	676.2	1484.99231
519.8499756	519.8499756	505.8499756	684.2	1489.998291
522.82	522.82	508.82	688.2	1485.0128174
525.8	525.8	511.8	692.2	1489.9871826
528.780029	528.780029	514.780029	696.2	1490.0177
534.719971	534.719971	520.719971	704.2	1484.9823
537.7	537.7	523.7	708.2	1490.0177
540.6699829	540.6699829	526.6699829	712.2	1485.0045166
543.6500244	543.6500244	529.6500244	716.2	1490.0177
549.6	549.6	535.6	724.2	1487.4847412
552.5800171	552.5800171	538.5800171	728.2	1490.0177
555.56	555.56	541.56	732.2	1489.9871826
558.530029	558.530029	544.530029	736.2	1485.0128174
561.5	561.5	547.5	740.2	1485.0045166
564.47998	564.47998	550.47998	744.2	1489.9871826
567.4500122	567.4500122	553.4500122	748.2	1485.0128174
573.4099731	573.4099731	559.4099731	756.2	1489.9871826
576.38	576.38	562.38	760.2	1485.0128174
579.3499756	579.3499756	565.3499756	764.2	1484.9823
582.3300171	582.3300171	568.3300171	768.2	1490.0177
585.31	585.31	571.31	772.2	1490.009399
588.280029	588.280029	574.280029	776.2	1485.0128174
594.24	594.24	580.24	784.2	1489.9871826
597.210022	597.210022	583.210022	788.2	1485.0128174
600.19	600.19	586.19	792.2	1489.9871826
603.1599731	603.1599731	589.1599731	796.2	1484.9823
606.1400146	606.1400146	592.1400146	800.2	1490.039917
609.1099854	609.1099854	595.1099854	804.2	1484.9823
612.0900269	612.0900269	598.0900269	808.2	1490.0177
615.06	615.06	601.06	812.2	1484.9823
618.030029	618.030029	604.030029	816.2	1485.0128174
623.99	623.99	609.99	824.2	1489.9871826
626.960022	626.960022	612.960022	828.2	1485.0350342
632.9199829	632.9199829	618.9199829	836.2	1489.9871826
635.8900146	635.8900146	621.8900146	840.2	1485.0128174
638.87	638.87	624.87	844.2	1489.9871826
641.8400269	641.8400269	627.8400269	848.2	1485.0128174
644.82	644.82	630.82	852.2	1489.9871826
647.789978	647.789978	633.789978	856.2	1484.9823
650.77002	650.77002	636.77002	860.2	1490.039917
653.75	653.75	639.75	864.2	1489.9871826
656.719971	656.719971	642.719971	868.2	1484.9823
659.7	659.7	645.7	872.2	1490.0177
662.6699829	662.6699829	648.6699829	876.2	1484.9823
665.6400146	665.6400146	651.6400146	880.2	1485.0128174
671.6	671.6	657.6	888.2	1489.998291
674.57	674.57	660.57	892.2	1485.0128174
677.5499878	677.5499878	663.5499878	896.2	1489.9871826
680.530029	680.530029	666.530029	900.2	1490.0177
683.5	683.5	669.5	904.2	1484.9823
686.47998	686.47998	672.47998	908.2	1489.9871826
689.4500122	689.4500122	675.4500122	912.2	1485.0128174
692.43	692.43	678.43	916.2	1489.9871826
695.4	695.4	681.4	920.2	1485.0350342
698.37	698.37	684.37	924.2	1484.9823
701.3499756	701.3499756	687.3499756	928.2	1489.9871826
704.3300171	704.3300171	690.3300171	932.2	1490.0177
707.31	707.31	693.31	936.2	1489.9871826
710.280029	710.280029	696.280029	940.2	1485.0128174
713.25	713.25	699.25	944.2	1484.9823
716.22998	716.22998	702.22998	948.2	1490.009399
719.210022	719.210022	705.210022	952.2	1490.0177
722.18	722.18	708.18	956.2	1484.9823
725.1599731	725.1599731	711.1599731	960.2	1489.9871826
728.13	728.13	714.13	964.2	1485.0128174
731.1099854	731.1099854	717.1099854	968.2	1489.9871826
734.0900269	734.0900269	720.0900269	972.2	1490.0177
740.039978	740.039978	726.039978	980.2	1487.49585
743.01001	743.01001	729.01001	984.2	1485.0128174
745.97998	745.97998	731.97998	988.2	1484.9823
748.960022	748.960022	734.960022	992.2	1490.0177
751.94	751.94	737.94	996.2	1489.9871826
754.9099731	754.9099731	740.9099731	1000.2	1484.9823
757.8900146	757.8900146	743.8900146	1004.2	1490.039917
760.8599854	760.8599854	746.8599854	1008.2	1484.9602051
763.8400269	763.8400269	749.8400269	1012.2	1490.039917
766.82	766.82	752.82	1016.2	1489.9649658
769.789978	769.789978	755.789978	1020.2	1485.0045166
772.77002	772.77002	758.77002	1024.2	1490.039917
775.74	775.74	761.74	1028.2	1485.0045166
778.719971	778.719971	764.719971	1032.2	1489.9649658
781.69	781.69	767.69	1036.2	1485.0350342
784.6699829	784.6699829	770.6699829	1040.2	1489.9649658
787.6500244	787.6500244	773.6500244	1044.2	1490.039917
790.63	790.63	776.63	1048.2	1490.009399
793.6	793.6	779.6	1052.2	1484.9602051
796.5800171	796.5800171	782.5800171	1056.2	1490.039917
799.5499878	799.5499878	785.5499878	1060.2	1484.9602051
802.530029	802.530029	788.530029	1064.2	1490.039917
805.5	805.5	791.5	1068.2	1484.9602051
808.47998	808.47998	794.47998	1072.2	1490.009399
811.4500122	811.4500122	797.4500122	1076.2	1484.9907227
814.43	814.43	800.43	1080.2	1490.009399
817.4	817.4	803.4	1084.2	1485.0350342
820.37	820.37	806.37	1088.2	1484.9602051
823.3499756	823.3499756	809.3499756	1092.2	1490.009399
826.32	826.32	812.32	1096.2	1484.9907227
829.3	829.3	815.3	1100.2	1490.009399
832.27002	832.27002	818.27002	1104.2	1484.9907227
835.24	835.24	821.24	1108.2	1485.0045166
838.219971	838.219971	824.219971	1112.2	1490.009399
841.2	841.2	827.2	1116.2	1489.9954834
844.18	844.18	830.18	1120.2	1490.009399
847.1500244	847.1500244	833.1500244	1124.2	1484.9907227
850.13	850.13	836.13	1128.2	1490.009399
853.1	853.1	839.1	1132.2	1484.9602051
856.0800171	856.0800171	842.0800171	1136.2	1490.039917
859.06	859.06	845.06	1140.2	1490.009399
862.030029	862.030029	848.030029	1144.2	1484.9907227
865.01001	865.01001	851.01001	1148.2	1490.009399
870.960022	870.960022	856.960022	1156.2	1487.5
873.94	873.94	859.94	1160.2	1489.9649658
879.8900146	879.8900146	865.8900146	1168.2	1487.5222168
882.87	882.87	868.87	1172.2	1489.9649658
885.8400269	885.8400269	871.8400269	1176.2	1485.0350342
888.82	888.82	874.82	1180.2	1489.9649658
891.789978	891.789978	877.789978	1184.2	1485.0045166
894.77002	894.77002	880.77002	1188.2	1489.9954834
897.74	897.74	883.74	1192.2	1485.0045166
900.719971	900.719971	886.719971	1196.2	1490.009399
903.69	903.69	889.69	1200.2	1484.9907227
906.6699829	906.6699829	892.6699829	1204.2	1490.009399
909.6400146	909.6400146	895.6400146	1208.2	1484.9907227
912.62	912.62	898.62	1212.2	1490.009399
915.5900269	915.5900269	901.5900269	1216.2	1484.9907227
918.57	918.57	904.57	1220.2	1490.009399
921.539978	921.539978	907.539978	1224.2	1484.9602051
924.52002	924.52002	910.52002	1228.2	1490.039917
927.49	927.49	913.49	1232.2	1485.0045166
930.469971	930.469971	916.469971	1236.2	1489.9649658
933.4500122	933.4500122	919.4500122	1240.2	1490.039917
936.4199829	936.4199829	922.4199829	1244.2	1484.9602051
939.4	939.4	925.4	1248.2	1490.039917
942.38	942.38	928.38	1252.2	1489.9649658
945.3499756	945.3499756	931.3499756	1256.2	1485.0045166
948.3300171	948.3300171	934.3300171	1260.2	1490.039917
951.3	951.3	937.3	1264.2	1484.9602051
954.280029	954.280029	940.280029	1268.2	1490.039917
957.25	957.25	943.25	1272.2	1484.9602051
960.22998	960.22998	946.22998	1276.2	1490.009399
963.2	963.2	949.2	1280.2	1484.9907227
966.18	966.18	952.18	1284.2	1490.009399
969.1500244	969.1500244	955.1500244	1288.2	1485.0350342
972.13	972.13	958.13	1292.2	1489.9649658
975.1	975.1	961.1	1296.2	1485.0045166
978.0800171	978.0800171	964.0800171	1300.2	1489.9954834
981.06	981.06	967.06	1304.2	1490.009399
984.030029	984.030029	970.030029	1308.2	1484.9907227
987.01001	987.01001	973.01001	1312.2	1490.009399
989.97998	989.97998	975.97998	1316.2	1485.0045166
995.93	995.93	981.93	1324.2	1487.5
998.9	998.9	984.9	1328.2	1484.9907227
1001.88	1001.88	987.88	1332.2	1490.009399
1004.8599854	1004.8599854	990.8599854	1336.2	1489.9649658
1007.8300171	1007.8300171	993.8300171	1340.2	1485.0350342
1013.780029	1013.780029	999.780029	1348.2	1487.5
1016.76001	1016.76001	1002.76001	1352.2	1490.009399
1019.74	1019.74	1005.74	1356.2	1489.9649658
1022.710022	1022.710022	1008.710022	1360.2	1485.0350342
1025.6899414	1025.6899414	1011.6899414	1364.2	1489.9344482
1028.6600342	1028.6600342	1014.6600342	1368.2	1485.0655518
1031.63	1031.63	1017.63	1372.2	1485.0045166
1034.6099854	1034.6099854	1020.6099854	1376.2	1489.9649658
1037.5799561	1037.5799561	1023.5799561	1380.2	1485.0045166
1040.5600586	1040.5600586	1026.5600586	1384.2	1490.026001
1043.540039	1043.540039	1029.540039	1388.2	1490.009399
1046.52002	1046.52002	1032.52002	1392.2	1489.9649658
1049.49	1049.49	1035.49	1396.2	1485.0045166
1052.469971	1052.469971	1038.469971	1400.2	1489.9649658
1055.4399414	1055.4399414	1041.4399414	1404.2	1485.0045166
1058.4200439	1058.4200439	1044.4200439	1408.2	1490.0704346
1061.3900146	1061.3900146	1047.3900146	1412.2	1484.9602051
1064.3599854	1064.3599854	1050.3599854	1416.2	1485.0045166
1067.3399658	1067.3399658	1053.3399658	1420.2	1489.9649658
1070.3199463	1070.3199463	1056.3199463	1424.2	1490.009399
1073.3	1073.3	1059.3	1428.2	1490.026001
1076.27002	1076.27002	1062.27002	1432.2	1485.0045166
1079.25	1079.25	1065.25	1436.2	1490.009399
1082.219971	1082.219971	1068.219971	1440.2	1484.9602051
1085.2	1085.2	1071.2	1444.2	1490.009399
1088.1700439	1088.1700439	1074.1700439	1448.2	1485.02124
1091.1400146	1091.1400146	1077.1400146	1452.2	1485.0045166
1094.12	1094.12	1080.12	1456.2	1489.9649658
1097.1	1097.1	1083.1	1460.2	1490.009399
1100.0699463	1100.0699463	1086.0699463	1464.2	1485.0045166
1103.0500488	1103.0500488	1089.0500488	1468.2	1490.026001
1106.030029	1106.030029	1092.030029	1472.2	1490.009399
1109	1109	1095	1476.2	1484.9602051
1111.97998	1111.97998	1097.97998	1480.2	1490.009399
1114.9499512	1114.9499512	1100.9499512	1484.2	1484.9602051
1117.9300537	1117.9300537	1103.9300537	1488.2	1490.0704346
1120.9	1120.9	1106.9	1492.2	1485.0045166
1123.87	1123.87	1109.87	1496.2	1484.9602051
1126.8499756	1126.8499756	1112.8499756	1500.2	1490.009399
1129.8299561	1129.8299561	1115.8299561	1504.2	1489.9649658
1132.8100586	1132.8100586	1118.8100586	1508.2	1490.0704346
1135.780029	1135.780029	1121.780029	1512.2	1484.9602051
1138.76001	1138.76001	1124.76001	1516.2	1490.009399
1141.72998	1141.72998	1127.72998	1520.2	1485.0045166
1144.709961	1144.709961	1130.709961	1524.2	1489.9649658
1147.6800537	1147.6800537	1133.6800537	1528.2	1485.0655518
1150.6500244	1150.6500244	1136.6500244	1532.2	1484.9602051
1153.63	1153.63	1139.63	1536.2	1490.009399
1156.6099854	1156.6099854	1142.6099854	1540.2	1489.9649658
1159.5899658	1159.5899658	1145.5899658	1544.2	1490.009399
1162.5600586	1162.5600586	1148.5600586	1548.2	1485.0655518
1165.540039	1165.540039	1151.540039	1552.2	1489.9649658
1168.51001	1168.51001	1154.51001	1556.2	1485.0045166
1171.49	1171.49	1157.49	1560.2	1489.9649658
1174.459961	1174.459961	1160.459961	1564.2	1485.0045166
1177.4300537	1177.4300537	1163.4300537	1568.2	1485.02124
1180.4100342	1180.4100342	1166.4100342	1572.2	1490.009399
1183.3900146	1183.3900146	1169.3900146	1576.2	1489.9649658
1186.3599854	1186.3599854	1172.3599854	1580.2	1485.0045166
1189.3399658	1189.3399658	1175.3399658	1584.2	1490.009399
1192.3199463	1192.3199463	1178.3199463	1588.2	1489.9649658
1195.290039	1195.290039	1181.290039	1592.2	1485.0655518
1198.27002	1198.27002	1184.27002	1596.2	1489.9649658
1201.24	1201.24	1187.24	1600.2	1485.0045166
1204.219971	1204.219971	1190.219971	1604.2	1489.9649658
1207.1899414	1207.1899414	1193.1899414	1608.2	1485.0045166
1210.1600342	1210.1600342	1196.1600342	1612.2	1485.0655518
1213.1400146	1213.1400146	1199.1400146	1616.2	1489.9649658
1216.12	1216.12	1202.12	1620.2	1490.009399
1219.1	1219.1	1205.1	1624.2	1489.9649658
1222.0699463	1222.0699463	1208.0699463	1628.2	1485.0045166
1225.0500488	1225.0500488	1211.0500488	1632.2	1490.026001
1228.02002	1228.02002	1214.02002	1636.1899414	1488.7314453
1231	1231	1217	1640.1899414	1490.009399
1233.969971	1233.969971	1219.969971	1644.1899414	1484.9602051
1239.9200439	1239.9200439	1225.9200439	1652.1899414	1487.5152588
1245.88	1245.88	1231.88	1660.1899414	1489.9871826
1248.8499756	1248.8499756	1234.8499756	1664.1899414	1485.0045166
1251.8299561	1251.8299561	1237.8299561	1668.1899414	1490.009399
1254.8	1254.8	1240.8	1672.1899414	1485.02124
1257.780029	1257.780029	1243.780029	1676.1899414	1490.009399
1260.75	1260.75	1246.75	1680.1899414	1484.9602051
1263.72998	1263.72998	1249.72998	1684.1899414	1490.009399
1266.7	1266.7	1252.7	1688.1899414	1484.9602051
1269.6700439	1269.6700439	1255.6700439	1692.1899414	1485.0655518
1272.6500244	1272.6500244	1258.6500244	1696.1899414	1489.9649658
1278.6099854	1278.6099854	1264.6099854	1704.1899414	1490.009399
1281.5799561	1281.5799561	1267.5799561	1708.1899414	1484.9602051
1284.5600586	1284.5600586	1270.5600586	1712.1899414	1490.0704346
1287.530029	1287.530029	1273.530029	1716.1899414	1484.9602051
1290.51001	1290.51001	1276.51001	1720.1899414	1490.009399
1293.47998	1293.47998	1279.47998	1724.1899414	1484.9602051
1296.4499512	1296.4499512	1282.4499512	1728.1899414	1485.0045166
1299.4300537	1299.4300537	1285.4300537	1732.1899414	1490.0704346
1302.4100342	1302.4100342	1288.4100342	1736.1899414	1489.9649658
1305.3900146	1305.3900146	1291.3900146	1740.1899414	1490.009399
1308.3599854	1308.3599854	1294.3599854	1744.1899414	1484.9602051
1311.3399658	1311.3399658	1297.3399658	1748.1899414	1490.009399
1314.3100586	1314.3100586	1300.3100586	1752.1899414	1485.02124
1317.290039	1317.290039	1303.290039	1756.1899414	1490.009399
1320.26001	1320.26001	1306.26001	1760.1899414	1485.0045166
1323.22998	1323.22998	1309.22998	1764.1899414	1484.9602051
1326.209961	1326.209961	1312.209961	1768.1899414	1490.009399
1329.1899414	1329.1899414	1315.1899414	1772.1899414	1489.9649658
1332.1700439	1332.1700439	1318.1700439	1776.1899414	1490.0704346
1335.1400146	1335.1400146	1321.1400146	1780.1899414	1484.9602051
1338.12	1338.12	1324.12	1784.1899414	1490.009399
1341.0899658	1341.0899658	1327.0899658	1788.1899414	1485.0045166
1344.0699463	1344.0699463	1330.0699463	1792.1899414	1489.9649658
1347.040039	1347.040039	1333.040039	1796.1899414	1485.0655518
1350.02002	1350.02002	1336.02002	1800.1899414	1489.9649658
1352.99	1352.99	1338.99	1804.1899414	1485.0045166
1355.959961	1355.959961	1341.959961	1808.1899414	1484.9602051
1358.9399414	1358.9399414	1344.9399414	1812.1899414	1490.009399
1361.9200439	1361.9200439	1347.9200439	1816.1899414	1490.0704346
1364.9	1364.9	1350.9	1820.1899414	1489.9649658
1367.87	1367.87	1353.87	1824.1899414	1485.0045166
1370.8499756	1370.8499756	1356.8499756	1828.1899414	1489.9649658
1373.8199463	1373.8199463	1359.8199463	1832.1899414	1485.0045166
1376.8	1376.8	1362.8	1836.1899414	1490.026001
1382.74	1382.74	1368.74	1844.1899414	1485.0045166
1385.12	1385.12	1371.12	1848.1899414	1189.9823
1385.719971	1385.719971	1371.719971	1849.209961	1176.4749756
1387.459961	1387.459961	1373.459961	1852.1899414	1167.7811279
1388.0500488	1388.0500488	1374.0500488	1853.209961	1156.9512939
1388.7	1388.7	1374.7	1854.3900146	1101.4801025
1391.4399414	1391.4399414	1377.4399414	1857.24	1922.8430176
1391.52002	1391.52002	1377.52002	1857.4100342	941.4772339
1391.6800537	1391.6800537	1377.6800537	1858.5699463	275.9432678
1394.6500244	1394.6500244	1380.6500244	1861.6800537	1909.9176025
1397.63	1397.63	1383.63	1864.790039	1916.3546143
1400.6	1400.6	1386.6	1867.9	1909.9908447
1403.5799561	1403.5799561	1389.5799561	1871	1922.5448
1406.5500488	1406.5500488	1392.5500488	1874.12	1903.9388428
1409.530029	1409.530029	1395.530029	1877.22998	1916.428101
1412.5	1412.5	1398.5	1880.3399658	1909.9176025
1417.0799561	1417.0799561	1403.0799561	1884.3299561	2295.7548828
1417.13	1417.13	1403.13	1884.37	2499.0476074
1418.3100586	1418.3100586	1404.3100586	1885.469971	2145.6611328
1418.459961	1418.459961	1404.459961	1887.6500244	137.5188141
1419.1800537	1419.1800537	1405.1800537	1888.3299561	2118.013916
1419.27002	1419.27002	1405.27002	1888.4	2566.9660645
1421.4300537	1421.4300537	1407.4300537	1890.76001	1830.5480957
1424.4100342	1424.4100342	1410.4100342	1893.87	1916.428101
1427.38	1427.38	1413.38	1896.97998	1909.9908447
1430.3599854	1430.3599854	1416.3599854	1900.0899658	1916.3546143
1433.3299561	1433.3299561	1419.3299561	1903.2	1909.9908447
1436.3100586	1436.3100586	1422.3100586	1906.3	1922.549561
1439.280029	1439.280029	1425.280029	1909.4200439	1903.8605957
1442.26001	1442.26001	1428.26001	1912.530029	1916.3546143
1445.22998	1445.22998	1431.22998	1915.6400146	1909.9908447
1449.8100586	1449.8100586	1435.8100586	1919.6400146	2290
1449.8599854	1449.8599854	1435.8599854	1919.6800537	2500.394043
1451.040039	1451.040039	1437.040039	1920.77002	2165.1374512
1451.1899414	1451.1899414	1437.1899414	1922.9499512	137.533844
1451.9100342	1451.9100342	1437.9100342	1923.6400146	2086.9152832
1452	1452	1438	1923.709961	2571.3391113
1454.1600342	1454.1600342	1440.1600342	1926.0600586	1838.2550049
1457.1400146	1457.1400146	1443.1400146	1929.1700439	1916.428101
1460.1099854	1460.1099854	1446.1099854	1932.280029	1909.9176025
1463.0899658	1463.0899658	1449.0899658	1935.3900146	1916.4035645
1466.0600586	1466.0599365	1452.0599365	1938.49	1916.1306152
1469.040039	1469.039917	1455.039917	1941.6099854	1910.24231
1473.6	1473.5997314	1459.5997314	1945.6099854	2279.9560547
1473.6500244	1473.64978	1459.64978	1945.6400146	3332.0026855
1474.8299561	1474.8297119	1460.8297119	1946.74	2145.16748
1474.99	1474.9897461	1460.9897461	1947.9100342	273.5485535
1476.7	1476.699707	1462.699707	1949.6099854	2011.7713623
1476.780029	1476.7797852	1462.7797852	1949.6700439	2665.602051
1477.969971	1477.9696045	1463.9696045	1951.01001	1776.115601
1480.6400146	1480.6396484	1466.6396484	1953.9100342	1841.3731689
1480.9399414	1480.9395752	1466.9395752	1955.1800537	472.2962341
1483.9200439	1483.9196777	1469.9196777	1958.280029	1922.5883789
1486.8900146	1486.8895264	1472.8895264	1961.4	1903.8258057
1489.87	1489.8695068	1475.8695068	1964.51001	1916.3930664
1492.8399658	1492.8393555	1478.8393555	1967.63	1903.7530518
1495.8199463	1495.8193359	1481.8193359	1970.72998	1922.5834961
1498.8	1498.7993164	1484.7993164	1973.8399658	1916.3980713
1501.77002	1501.7692871	1487.7692871	1976.959961	1903.8258057
1504.75	1504.7491455	1490.7491455	1980.0600586	1922.4356689
1507.719971	1507.7191162	1493.7191162	1983.1700439	1909.9559326
1510.7	1510.6990967	1496.6990967	1986.280029	1916.31958
1513.6700439	1513.6690674	1499.6690674	1989.3900146	1910.0344238
1516.6500244	1516.6490479	1502.6490479	1992.5	1916.3930664
1521.219971	1521.2188721	1507.2188721	1996.5	2284.8928223
1521.27002	1521.268921	1507.268921	1996.540039	2499.0019531
1522.4499512	1522.4488525	1508.4488525	1997.6400146	2145.4001465
1522.6	1522.598877	1508.598877	1998.8	258.6523438
1524.6400146	1524.6387939	1510.6387939	2000.5	2400.1086426
1524.74	1524.73877	1510.73877	2000.5700684	2852.5192871
1527.2	1527.19873	1513.19873	2002.8300781	2176.9460449
1528.26001	1528.258789	1514.258789	2003.8299561	2120.2321777
1528.4	1528.3988037	1514.3988037	2004.9901123	241.3700256
1528.5500488	1528.5488281	1514.5488281	2006.1500244	258.6789246
1529.51001	1529.508789	1515.508789	2006.8599854	2704.0258789
1533.1400146	1533.1386719	1519.1386719	2010.1800537	2186.7241211
1534.2	1534.1986084	1520.1986084	2011.1801758	2119.482666
1534.3399658	1534.338623	1520.338623	2012.3400879	241.419632
1534.5	1534.4986572	1520.4986572	2013.51001	273.576416
1535.3	1535.2987061	1521.2987061	2014.209961	2285.8220215
1537.47998	1537.4786377	1523.4786377	2016.619873	1809.0876465
1540.1500244	1540.14856	1526.14856	2019.51001	1847.6772461
1540.4499512	1540.4484863	1526.4484863	2020.780029	472.2962341
1543.4300537	1543.4285889	1529.4285889	2023.8900146	1916.4715576
1546.4	1546.3984375	1532.3984375	2027	1909.9559326
1549.38	1549.378418	1535.378418	2030.1098633	1916.3930664
1552.3599854	1552.3582764	1538.3582764	2033.2200928	1916.2462158
1555.3299561	1555.3282471	1541.3282471	2036.3299561	1909.9559326
1559.9	1559.8981934	1545.8981934	2040.3199463	2290.7565918
1559.9499512	1559.94812	1545.94812	2040.3599854	2492.9067383
1561.13	1561.1281738	1547.1281738	2041.4700928	2126.0368652
1561.280029	1561.2781982	1547.2781982	2042.62	260.93158
1563	1562.9981689	1548.9981689	2044.3198242	2023.5478516
1563.0799561	1563.078125	1549.078125	2044.3900146	2281.3188477
1564.26001	1564.2581787	1550.2581787	2045.7398682	1748.291626
1566.9300537	1566.928101	1552.928101	2048.6398926	1841.4488525
1567.22998	1567.2280273	1553.2280273	2049.9	476.0495911
1570.209961	1570.2080078	1556.2080078	2053.01001	1916.2462158
1573.1800537	1573.1779785	1559.1779785	2056.1201172	1909.887939
1577.01001	1577.0079346	1563.0079346	2060.1101074	1919.7736816
1579.1400146	1579.1378174	1565.1378174	2062.3300781	1918.9614258
1580.8299561	1580.8277588	1566.8277588	2064.1101074	1898.740601
1582.1099854	1582.1077881	1568.1077881	2065.4499512	1910.581421
1586.6800537	1586.6777344	1572.6777344	2069.4399414	2290.7565918
1586.74	1586.737671	1572.737671	2069.49	2394.1657715
1587.9100342	1587.9077148	1573.9077148	2070.5900879	2127.1914063
1588.0600586	1588.057739	1574.057739	2071.74	260.93158
1589.77002	1589.7677	1575.7677	2073.4399414	2011.7713623
1589.8599854	1589.857666	1575.857666	2073.52002	2246.054199
1591.040039	1591.03772	1577.03772	2074.8500977	1774.3013916
1593.719971	1593.717529	1579.717529	2077.75	1848.2681885
1594.01001	1594.0075684	1580.0075684	2079.01001	460.3556519
1596.99	1596.9875488	1582.9875488	2082.1298828	1910.24231
1599.959961	1599.9573975	1585.9573975	2085.24	1909.9559326
1602.9399414	1602.9373779	1588.9373779	2088.3400879	1922.4356689
1605.9200439	1605.9173584	1591.9173584	2091.4499512	1916.4715576
1608.8900146	1608.887329	1594.887329	2094.5700684	1903.68042
1613.4499512	1613.4471436	1599.4471436	2098.5700684	2279.9560547
1613.5	1613.4971924	1599.4971924	2098.6	3332.0026855
1614.6800537	1614.6772461	1600.6772461	2099.7	2145.8544922
1614.8399658	1614.8371582	1600.8371582	2100.8601074	275.6710815
1616.5600586	1616.557251	1602.557251	2102.5600586	2023.6915283
1616.6400146	1616.637207	1602.637207	2102.6298828	2289.10498
1617.8199463	1617.8171387	1603.8171387	2103.969971	1760.8615723
1620.49	1620.487061	1606.487061	2106.8701172	1841.2974854
1620.790039	1620.787109	1606.787109	2108.1298828	476.3334656
1623.77002	1623.76709	1609.76709	2111.24	1916.3930664
1626.74	1626.7369385	1612.7369385	2114.3500977	1909.8094482
1629.719971	1629.7169189	1615.7169189	2117.469971	1910.24231
1632.7	1632.6967773	1618.6967773	2120.5800781	1916.2462158
1637.27002	1637.2668457	1623.2668457	2124.5800781	2285.0219727
1637.3199463	1637.3167725	1623.3167725	2124.6101074	3323.8757324
1638.5	1638.4967041	1624.4967041	2125.709961	2145.8544922
1641.3499756	1641.34668	1627.34668	2128.5800781	1985.9521484
1641.4300537	1641.4267578	1627.4267578	2128.6499023	2292.5998535
1641.62	1641.616699	1627.616699	2128.9199219	1407.5219727
1644.3	1644.2967529	1630.2967529	2131.8200684	1848.2003174
1644.6	1644.59668	1630.59668	2133.0900879	472.2962341
1647.5699463	1647.5665283	1633.5665283	2136.2	1909.9559326
1650.5500488	1650.546631	1636.546631	2139.3	1922.5144043
1653.530029	1653.526489	1639.526489	2142.4099121	1916.540039
1656.5	1656.49646	1642.49646	2145.530029	1903.68042
1659.47998	1659.4763184	1645.4763184	2148.6499023	1910.24231
1662.4499512	1662.446289	1648.446289	2151.75	1915.9782715
1667.030029	1667.0262451	1653.0262451	2155.75	2290.0266113
1667.0799561	1667.0761719	1653.0761719	2155.790039	2492.9067383
1668.25	1668.2462158	1654.2462158	2156.8798828	2147.2021484
1668.4	1668.39624	1654.39624	2158.040039	258.6257629
1670.12	1670.116211	1656.116211	2159.75	2011.6977539
1670.2	1670.196167	1656.196167	2159.8200684	2281.3188477
1671.38	1671.376221	1657.376221	2161.1499023	1774.6193848
1674.0500488	1674.0461426	1660.0461426	2164.0500488	1841.2974854
1674.3499756	1674.346069	1660.346069	2165.3200684	472.2962341
1677.3299561	1677.32605	1663.32605	2168.4299316	1916.540039
1680.3100586	1680.30603	1666.30603	2171.540039	1916.324707
1683.280029	1683.276001	1669.276001	2174.6499023	1909.9559326
1686.26001	1686.255859	1672.255859	2177.76001	1916.2462158
1689.22998	1689.22583	1675.22583	2180.8701172	1909.9559326
1693.790039	1693.7857666	1679.7857666	2184.8601074	2285.7392578
1693.8399658	1693.8356934	1679.8356934	2184.9	2507.8344727
1695.02002	1695.0157471	1681.0157471	2185.99	2164.6242676
1695.1800537	1695.1757813	1681.1757813	2187.1599121	273.576416
1696.9	1696.895752	1682.895752	2188.8601074	2023.26416
1696.97998	1696.975708	1682.975708	2188.9299316	2289.10498
1698.1600342	1698.1557617	1684.1557617	2190.27002	1761.3571777
1700.8299561	1700.8255615	1686.8255615	2193.1599121	1847.7451172
1701.13	1701.12561	1687.12561	2194.4299316	472.4884644
1704.1099854	1704.105591	1690.105591	2197.5500488	1910.0964355
1707.0899658	1707.085449	1693.085449	2200.6699219	1910.24231
1710.0600586	1710.055542	1696.055542	2203.77002	1916.2043457
1713.040039	1713.0354	1699.0354	2206.8798828	1916.3930664
1716.01001	1716.0053711	1702.0053711	2209.99	1909.8094482
1718.99	1718.985229	1704.985229	2213.0900879	1922.4356689
1721.959961	1721.9552	1707.9552	2216.209961	1903.9713135
1724.9399414	1724.935181	1710.935181	2219.3200684	1916.2462158
1727.9100342	1727.9051514	1713.9051514	2222.4299316	1910.0344238
1731.75	1731.7449951	1717.7449951	2226.4199219	1924.7911377
1731.790039	1731.7850342	1717.7850342	2226.459961	1999.2015381
1733.87	1733.86499	1719.86499	2228.6899414	1865.4567871
1735.5899658	1735.584961	1721.584961	2230.4199219	1988.4090576
1735.6700439	1735.665039	1721.665039	2230.49	2284.8017578
1736.8399658	1736.834961	1722.834961	2231.790039	1799.7133789
1739.8199463	1739.814819	1725.814819	2234.9099121	1910.24231
1742.790039	1742.7849121	1728.7849121	2238.01001	1916.2043457
1745.77002	1745.764771	1731.764771	2241.1201172	1916.2462158
1748.74	1748.7347412	1734.7347412	2244.22998	1909.9559326
1751.719971	1751.7146	1737.7146	2247.3400879	1916.2462158
1754.6899414	1754.68457	1740.68457	2250.4499512	1910.1022949
1757.6700439	1757.6646729	1743.6646729	2253.5600586	1916.324707
1760.6500244	1760.6445313	1746.6445313	2256.6699219	1916.3930664
1763.62	1763.614502	1749.614502	2259.790039	1903.8258057
1766.6	1766.59436	1752.59436	2262.8898926	1922.5834961
1769.5699463	1769.5643311	1755.5643311	2266.01001	1903.68042
1772.5500488	1772.5443115	1758.5443115	2269.1201172	1916.324707
1775.52002	1775.5142822	1761.5142822	2272.219971	1916.272949
1778.5	1778.494141	1764.494141	2275.3300781	1916.2462158
1781.469971	1781.4641113	1767.4641113	2278.4399414	1909.9559326
1784.4499512	1784.4440918	1770.4440918	2281.5500488	1916.3930664
1787.4300537	1787.4240723	1773.4240723	2284.6599121	1916.4715576
1790.4	1790.394043	1776.394043	2287.77002	1909.8094482
1793.38	1793.3739014	1779.3739014	2290.8898926	1910.24231
1796.3499756	1796.3438721	1782.3438721	2294	1909.9559326
1799.3299561	1799.32373	1785.32373	2297.1	1922.4356689
1802.3	1802.2938232	1788.2938232	2300.219971	1903.9040527
1805.280029	1805.2736816	1791.2736816	2303.3300781	1916.2462158
1809.8599854	1809.8536377	1795.8536377	2307.3200684	2295.712891
1809.9100342	1809.9036865	1795.9036865	2307.3601074	2499.0019531
1811.0799561	1811.0736084	1797.0736084	2308.459961	2127.43042
1811.22998	1811.2236328	1797.2236328	2309.6101074	260.8775024
1812.9499512	1812.9434814	1798.9434814	2311.3200684	2011.6977539
1813.030029	1813.02356	1799.02356	2311.3898926	2292.5998535
1814.209961	1814.2034912	1800.2034912	2312.719971	1774.1177979
1816.88	1816.8735352	1802.8735352	2315.6298828	1835.112061
1817.1800537	1817.173584	1803.173584	2316.9	472.4884644
1820.1600342	1820.1534424	1806.1534424	2320.01001	1916.3930664
1823.13	1823.1234131	1809.1234131	2323.1201172	1909.8094482
1826.1099854	1826.1032715	1812.1032715	2326.219971	1922.5834961
1829.0799561	1829.0732422	1815.0732422	2329.3300781	1909.9559326
1832.0600586	1832.0532227	1818.0532227	2332.4399414	1916.4715576
1836.62	1836.613159	1822.613159	2336.4399414	2279.9560547
1836.6700439	1836.663208	1822.663208	2336.469971	3332.0026855
1837.8499756	1837.84314	1823.84314	2337.5700684	2145.16748
1838.01001	1838.0031738	1824.0031738	2338.72998	275.881531
1839.72998	1839.7230225	1825.7230225	2340.4299316	2023.5478516
1839.8100586	1839.803101	1825.803101	2340.5	2284.8017578
1840.99	1840.9830322	1826.9830322	2341.8400879	1761.1749268
1843.6600342	1843.6530762	1829.6530762	2344.75	1835.112061
1843.959961	1843.9530029	1829.9530029	2346.01001	476.0495911
1846.9399414	1846.9328613	1832.9328613	2349.1201172	1916.2462158
1849.9100342	1849.9029541	1835.9029541	2352.24	1903.9040527
1852.8900146	1852.8828125	1838.8828125	2355.3500977	1916.3930664
1855.8599854	1855.8527832	1841.8527832	2358.4499512	1916.12561
1859.6899414	1859.6826172	1845.6826172	2362.4499512	1914.9676514
1861.8199463	1861.8126221	1847.8126221	2364.6599121	1927.44873
1863.8499756	1863.8426514	1849.8426514	2366.4499512	2268.390625
1866.38	1866.3725586	1852.3725586	2368.6599121	2289.4321289
1866.4300537	1866.4226074	1852.4226074	2368.7	2499.0019531
1867.6099854	1867.602539	1853.602539	2369.8	2145.16748
1867.77002	1867.7625732	1853.7625732	2370.969971	273.576416
1869.47998	1869.4725342	1855.4725342	2372.6599121	2023.6921387
1869.5600586	1869.5526123	1855.5526123	2372.72998	2284.8017578
1870.74	1870.7325439	1856.7325439	2374.0800781	1747.802124
1873.4100342	1873.4024658	1859.4024658	2376.969971	1847.82959
1873.719971	1873.7124023	1859.7124023	2378.24	488.0586548
1876.6899414	1876.682373	1862.682373	2381.3500977	1909.9559326
1879.6700439	1879.6623535	1865.6623535	2384.459961	1916.4715576
1882.6400146	1882.6323242	1868.6323242	2387.5700684	1909.8094482
1886.469971	1886.4621582	1872.4621582	2391.5700684	1914.9676514
1888.6	1888.5921631	1874.5921631	2393.780029	1927.6566162
1890.6400146	1890.6322021	1876.6322021	2395.5700684	2279.2722168
1893.1800537	1893.172119	1879.172119	2397.780029	2298.7380371
1893.22998	1893.2220459	1879.2220459	2397.8200684	2492.9067383
1894.4100342	1894.4021	1880.4021	2398.9199219	2145.8544922
1894.5500488	1894.5421143	1880.5421143	2400.0800781	241.3700256
1896.25	1896.2420654	1882.2420654	2401.780029	1999.7144775
1896.3399658	1896.3320313	1882.3320313	2401.8601074	2252.758789
1897.52002	1897.512085	1883.512085	2403.1899414	1774.6193848
1900.1899414	1900.1818848	1886.1818848	2406.0900879	1841.2133789
1900.5	1900.4919434	1886.4919434	2407.3601074	488.250885
1903.469971	1903.4619141	1889.4619141	2410.469971	1909.9559326
1906.4499512	1906.4417725	1892.4417725	2413.5700684	1922.4356689
1909.4200439	1909.4118652	1895.4118652	2416.6799316	1910.1809082
1912.4	1912.3917236	1898.3917236	2419.8	1910.0964355
1915.38	1915.3717041	1901.3717041	2422.9199219	1910.24231
1919.959961	1919.9515381	1905.9515381	2426.9099121	2295.712891
1920.01001	1920.0015869	1906.0015869	2426.9499512	2499.0019531
1921.1800537	1921.171631	1907.171631	2428.040039	2146.7324219
1921.3299561	1921.3215332	1907.3215332	2429.2	258.4684448
1923.0500488	1923.041626	1909.041626	2430.9099121	2011.8405762
1923.13	1923.121582	1909.121582	2430.97998	2281.3188477
1924.3	1924.291626	1910.291626	2432.3100586	1759.2508545
1926.97998	1926.9714355	1912.9714355	2435.209961	1848.2681885
1927.280029	1927.2714844	1913.2714844	2436.47998	472.4884644
1930.25	1930.2414551	1916.2414551	2439.5900879	1909.9559326
1933.22998	1933.2213135	1919.2213135	2442.6899414	1922.5834961
1936.2	1936.1912842	1922.1912842	2445.8	1909.8094482
1939.1800537	1939.1712646	1925.1712646	2448.9199219	1910.3205566
1942.1600342	1942.1512451	1928.1512451	2452.030029	1916.3930664
1946.72998	1946.721069	1932.721069	2456.02002	2290.5585938
1946.780029	1946.7711182	1932.7711182	2456.0600586	2499.0019531
1947.9499512	1947.94104	1933.94104	2457.1599121	2127.43042
1950.02002	1950.0111084	1936.0111084	2460.02002	1447.5386963
1950.0799561	1950.0710449	1936.0710449	2460.0900879	1710.1184082
1950.8100586	1950.8011475	1936.8011475	2461.25	1258.8760986
1951.0799561	1951.0710449	1937.0710449	2461.77002	1038.0662842
1953.75	1953.7409668	1939.7409668	2464.1	2291.7775879
1953.9300537	1953.921021	1939.921021	2465.47998	260.9489441
1954.0600586	1954.0510254	1940.0510254	2466.6499023	222.2417145
1957.030029	1957.0209961	1943.0209961	2470.3798828	1592.5252686
1960.01001	1960	1946	2474.1201172	1593.411011
1962.97998	1962.9708252	1948.9708252	2476.8300781	2191.9289551
1967.4100342	1967.4007568	1953.4007568	2480.8300781	2214.8828125
1967.47998	1967.4707031	1953.4707031	2480.8898926	2346.9650879
1968.9399414	1968.9306641	1954.9306641	2482.25	2146.6811523
1972.1099854	1972.100708	1958.100708	2484.8300781	2457.1955566
1972.3399658	1972.3305664	1958.3305664	2485.01001	2558.5952148
1973.97998	1973.9705811	1959.9705811	2486.3701172	2411.4265137
1974.72998	1974.7205811	1960.7205811	2487.030029	2272.883301
1977.8599854	1977.8505859	1963.8505859	2490.4499512	1830.4450684
1977.9499512	1977.9405518	1963.9405518	2490.5600586	1633.4940186
1980.530029	1980.5205078	1966.5205078	2491.8200684	4095.1501465
1980.8399658	1980.8304443	1966.8304443	2493.290039	421.717529
1983.8100586	1983.8005371	1969.8005371	2496	2191.8261719
1986.790039	1986.7803955	1972.7803955	2498.709961	2199.3164063
1989.76001	1989.7503662	1975.7503662	2501.4199219	2191.736084
1992.74	1992.7302246	1978.7302246	2504.1398926	2191.2194824
1995.719971	1995.7102051	1981.7102051	2506.8500977	2199.1230469
2000.6800537	2000.670166	1986.670166	2510.8500977	2479.8803711
2000.76001	2000.7501221	1986.7501221	2510.9099121	2682.8310547
2001.52002	2001.5101318	1987.5101318	2511.5800781	2267.9855957
2001.6700439	2001.6601563	1987.6601563	2512.9399414	220.6299133
2003.75	2003.7401123	1989.7401123	2514.8500977	2177.6855469
2004.01001	2004	1990	2515.0900879	2168.0717773
2004.6400146	2004.630127	1990.630127	2515.72998	1968.98938
2007.3199463	2007.3099365	1993.3099365	2516.4299316	7656.84082
2007.62	2007.6099854	1993.6099854	2518.51001	288.475189
2010.5899658	2010.5799561	1996.5799561	2521.219971	2191.950439
2015.5500488	2015.540039	2001.540039	2525.219971	2480.0734863
2015.63	2015.62	2001.62	2525.280029	2661.5874023
2016.3900146	2016.38	2002.38	2525.9499512	2268.8342285
2016.540039	2016.530029	2002.530029	2527.3100586	220.595261
2018.62	2018.6099854	2004.6099854	2529.219971	2178.269043
2018.8900146	2018.88	2004.88	2529.459961	2249.342529
2019.52002	2019.51001	2005.51001	2530.0900879	1999.57019
2022.2	2022.1899414	2008.1899414	2530.790039	7656.980957
2022.5	2022.49	2008.49	2532.8701172	288.513519
2025.469971	2025.459961	2011.459961	2535.5800781	2191.776123
2028.4499512	2028.4399414	2014.4399414	2538.3100586	2183.22168
2031.4200439	2031.4100342	2017.4100342	2541.02002	2192.059082
2034.4	2034.3900146	2020.3900146	2543.72998	2199.1630859
2037.37	2037.3599854	2023.3599854	2546.4399414	2191.9689941
2042.3199463	2042.3099365	2028.3099365	2550.4399414	2475.0075684
2042.4	2042.3900146	2028.3900146	2550.5	2665.6508789
2043.1600342	2043.1500244	2029.1500244	2551.1699219	2268.8342285
2043.3199463	2043.3099365	2029.3099365	2552.540039	233.4156952
2045.3900146	2045.38	2031.38	2554.4399414	2179.0678711
2045.6600342	2045.6500244	2031.6500244	2554.6799316	2251.5786133
2046.3	2046.290039	2032.290039	2555.3200684	1999.5649414
2048.969971	2048.959961	2034.959961	2556.01001	7739.090332
2049.280029	2049.27002	2035.27002	2558.0900879	298.1384583
2054.22998	2054.219971	2040.219971	2562.0900879	2474.8598633
2054.3100586	2054.3	2040.3	2562.1499023	2676.2709961
2055.0700684	2055.0600586	2041.0600586	2562.8200684	2268.8342285
2058.0600586	2058.0500488	2044.0500488	2566.0900879	1828.6567383
2058.2	2058.1899414	2044.1899414	2566.25	1748.8881836
2058.27002	2058.26001	2044.26001	2566.3400879	1559.0875244
2060.8701172	2060.8601074	2046.8601074	2567.6101074	4094.4621582
2061.1799316	2061.1699219	2047.1699219	2569.0800781	421.4907532
2066.1398926	2066.1298828	2052.1298828	2573.0800781	2480.0124512
2066.219971	2066.209961	2052.209961	2573.1398926	2676.2709961
2066.97998	2066.969971	2052.969971	2573.8100586	2268.0271
2067.1298828	2067.119873	2053.119873	2575.1699219	220.454422
2069.2	2069.1899414	2055.1899414	2577.0800781	2167.6435547
2069.459961	2069.4499512	2055.4499512	2577.3200684	2165.958252
2070.1	2070.0900879	2056.0900879	2577.959961	2000.6915283
2072.77002	2072.76001	2058.76001	2578.6499023	7739.090332
2075.8898926	2075.8798828	2061.8798828	2582.6499023	1559.956665
2075.9099121	2075.9	2061.9	2582.6799316	1332.825439
2076.0600586	2076.0500488	2062.0500488	2584.0600586	217.608841
2078.9099121	2078.9	2064.9	2586.6499023	2200.7092285
2079.030029	2079.02002	2065.02002	2586.77002	1999.2380371
2081.719971	2081.709961	2067.709961	2587.469971	7685.5805664
2082.01001	2082	2068	2589.540039	280.2377319
2084.97998	2084.969971	2070.969971	2592.27002	2175.6982422
2087.959961	2087.9499512	2073.9499512	2594.97998	2199.356689
2090.9299316	2090.9199219	2076.9199219	2597.6899414	2191.9689941
2093.9099121	2093.9	2079.9	2600.4	2199.1630859
2096.8798828	2096.869873	2082.869873	2603.1201172	2183.70752
2099.8601074	2099.8500977	2085.8500977	2605.8300781	2199.3432617
2104.8200684	2104.8100586	2090.8100586	2609.8300781	2480.0124512
2104.9	2104.8898926	2090.8898926	2609.8898926	2668.1115723
2105.6599121	2105.6499023	2091.6499023	2610.5500488	2302.4282227
2108.6499023	2108.6398926	2094.6398926	2613.8300781	1823.2067871
2108.790039	2108.780029	2094.780029	2613.99	1751.94043
2108.8601074	2108.8500977	2094.8500977	2614.0800781	1554.9630127
2111.459961	2111.4499512	2097.4499512	2615.3500977	4094.8464355
2111.76001	2111.75	2097.75	2616.8200684	408.2049866
2116.969971	2116.959961	2102.959961	2620.8200684	2605.013916
2117.0500488	2117.040039	2103.040039	2620.8798828	2676.2709961
2117.5600586	2117.5500488	2103.5500488	2621.3300781	2266.0339355
2120.6899414	2120.6799316	2106.6799316	2624.3100586	2100.5969238
2121.5500488	2121.540039	2107.540039	2624.8200684	3373.1201172
2121.959961	2121.9499512	2107.9499512	2625.0600586	3414.689209
2123.3601074	2123.3500977	2109.3500977	2625.8898926	3375.0805664
2123.6599121	2123.6499023	2109.6499023	2626.9199219	582.028259
2126.6398926	2126.6298828	2112.6298828	2629.4199219	2384.1572266
2129.6101074	2129.6	2115.6	2631.9099121	2385.6728516
2132.5900879	2132.5800781	2118.5800781	2634.4099121	2383.9299316
2135.5700684	2135.5600586	2121.5600586	2636.9	2393.5166016
2138.540039	2138.530029	2124.530029	2639.4	2375.922119
2141.52002	2141.51001	2127.51001	2641.8898926	2393.74585
2144.49	2144.47998	2130.47998	2644.3798828	2385.4768066
2147.469971	2147.459961	2133.459961	2646.8701172	2393.2875977
2150.4399414	2150.4299316	2136.4299316	2649.3898926	2357.2636719
2153.4199219	2153.4099121	2139.4099121	2651.8798828	2393.74585
2156.3898926	2156.3798828	2142.3798828	2654.3701172	2385.2485352
2161.6201172	2161.6101074	2147.6101074	2658.3701172	2615.1459961
2161.7	2161.6899414	2147.6899414	2658.4299316	2668.1115723
2162.2	2162.1899414	2148.1899414	2658.8701172	2270.873779
2162.3500977	2162.3400879	2148.3400879	2659.8	322.9538574
2165.3200684	2165.3100586	2151.3100586	2662.3	2375.922119
2165.459961	2165.4499512	2151.4499512	2662.3601074	4656.7617188
2166.0900879	2166.0800781	2152.0800781	2662.6699219	4069.1977539
2167.99	2167.97998	2153.97998	2663.5	4577.1210938
2168.3	2168.290039	2154.290039	2664.9099121	439.87146
2173.52002	2173.51001	2159.51001	2668.9099121	2609.8632813
2173.6	2173.5900879	2159.5900879	2668.969971	2676.2709961
2174.1	2174.0900879	2160.0900879	2669.4199219	2221.5593262
2174.25	2174.24	2160.24	2670.3400879	325.85437
2177.219971	2177.209961	2163.209961	2672.8300781	2385.4768066
2177.3798828	2177.369873	2163.369873	2672.9099121	4004.298584
2178.01001	2178	2164	2673.209961	4201.8188477
2179.9	2179.8898926	2165.8898926	2674.040039	4553.0063477
2180.2	2180.1899414	2166.1899414	2675.459961	422.668671
2183.1699219	2183.159668	2169.159668	2677.9499512	2385.3547363
2188.4	2188.3894043	2174.3894043	2681.9499512	2614.84082
2188.47998	2188.4694824	2174.4694824	2682.01001	2665.4641113
2188.97998	2188.9694824	2174.9694824	2682.4499512	2271.9450684
2189.1298828	2189.1193848	2175.1193848	2683.3798828	322.4061584
2192.1	2192.0893555	2178.0893555	2685.8701172	2385.2775879
2192.26001	2192.2492676	2178.2492676	2685.9499512	4004.018311
2192.8898926	2192.87915	2178.87915	2686.25	4199.8969727
2194.790039	2194.7790527	2180.7790527	2687.0800781	4577.38916
2195.0800781	2195.0690918	2181.0690918	2688.49	411.4415283
2198.0500488	2198.0388184	2184.0388184	2690.99	2375.755859
2201.030029	2201.0185547	2187.0185547	2693.47998	2393.3491211
2204	2203.9882813	2189.9882813	2695.97998	2375.755859
2209.22998	2209.2180176	2195.2180176	2699.97998	2614.84082
2209.3100586	2209.2980957	2195.2980957	2700.040039	2665.4641113
2209.8100586	2209.7980957	2195.7980957	2700.47998	2273.17627
2209.959961	2209.947998	2195.947998	2701.4	325.9160156
2214	2213.987793	2199.987793	2703.97998	3131.3925781
2214.3798828	2214.3674316	2200.3674316	2704.219971	3164.3146973
2215.6101074	2215.5976563	2201.5976563	2705.040039	3000.625
2215.75	2215.7375488	2201.7375488	2705.969971	300.8002625
2215.9099121	2215.897461	2201.897461	2706.9	343.934906
2218.8798828	2218.8671875	2204.8671875	2709.3898926	2385.3098145
2221.5500488	2221.537109	2207.537109	2710.530029	4683.69043
2221.8601074	2221.847168	2207.847168	2711.9499512	436.6651917
2224.8300781	2224.8168945	2210.8168945	2714.4399414	2385.53833
2227.8100586	2227.796875	2213.796875	2716.9399414	2383.762939
2230.790039	2230.7766113	2216.7766113	2719.4299316	2393.3491211
2236.01001	2235.9960938	2221.9960938	2723.4299316	2609.8361816
2236.0900879	2236.0761719	2222.0761719	2723.49	2665.4641113
2236.5900879	2236.5761719	2222.5761719	2723.9399414	2222.5810547
2239.709961	2239.695801	2225.695801	2726.9099121	2100.7915039
2240.5900879	2240.5759277	2226.5759277	2727.4299316	3384.9257813
2241	2240.98584	2226.98584	2727.6699219	3414.4501953
2242.4	2242.385498	2228.385498	2728.51001	3333.071289
2242.6899414	2242.6755371	2228.6755371	2729.530029	568.55658
2245.6599121	2245.6452637	2231.6452637	2732.040039	2366.50293
2250.8898926	2250.875	2236.875	2736.040039	2614.6850586
2250.969971	2250.9550781	2236.9550781	2736.1	2665.4641113
2251.469971	2251.4550781	2237.4550781	2736.540039	2273.17627
2251.6201172	2251.6052246	2237.6052246	2737.459961	326.4468079
2254.5900879	2254.5749512	2240.5749512	2739.959961	2375.755859
2254.75	2254.7348633	2240.7348633	2740.030029	4562.4018555
2255.3798828	2255.3647461	2241.3647461	2740.3400879	4064.2077637
2257.280029	2257.2646484	2243.2646484	2741.1599121	4634.6230469
2257.5700684	2257.5546875	2243.5546875	2742.5700684	411.3023987
2260.540039	2260.5244141	2246.5244141	2745.0700684	2375.9824219
2263.52002	2263.50415	2249.50415	2747.5600586	2393.3491211
2266.49	2266.473877	2252.473877	2750.0600586	2375.755859
2271.3200684	2271.303711	2257.303711	2754.0600586	2414.901123
2271.3898926	2271.3735352	2257.3735352	2754.1201172	2324.1547852
2272.4499512	2272.4335938	2258.4335938	2755.1599121	2038.93457
2275.4199219	2275.40332	2261.40332	2757.6599121	2375.755859
2276.0700684	2276.0534668	2262.0534668	2758.0600586	3249.9655762
2276.27002	2276.253418	2262.253418	2758.1799316	3334.3828125
2278.4	2278.3830566	2264.3830566	2760.219971	2087.822998
2281.3701172	2281.3530273	2267.3530273	2762.709961	2385.734375
2284.3500977	2284.3327637	2270.3327637	2765.209961	2383.762939
2287.3200684	2287.3027344	2273.3027344	2767.7	2385.3098145
2292.530029	2292.512207	2278.512207	2771.7	2604.831543
2292.6101074	2292.5922852	2278.5922852	2771.76001	2665.4641113
2293.1201172	2293.1022949	2279.1022949	2772.209961	2267.0761719
2293.280029	2293.262207	2279.262207	2773.1398926	343.846741
2296.25	2296.2319336	2282.2319336	2775.6298828	2385.3098145
2296.3898926	2296.3718262	2282.3718262	2775.6899414	4674.9873047
2297.02002	2297.0019531	2283.0019531	2776	4062.657959
2298.9199219	2298.9016113	2284.9016113	2776.8300781	4576.8007813
2299.22998	2299.21167	2285.21167	2778.25	436.7385254
2302.2	2302.1813965	2288.1813965	2780.74	2385.3098145
2307.4	2307.3811035	2293.3811035	2784.74	2599.8271484
2307.47998	2307.4611816	2293.4611816	2784.8	2665.4641113
2307.99	2307.9711914	2293.9711914	2785.24	2318.6843262
2308.1499023	2308.1311035	2294.1311035	2786.1799316	340.1841431
2311.1298828	2311.11084	2297.11084	2788.6699219	2393.578369
2311.27002	2311.2509766	2297.2509766	2788.74	3998.196289
2311.9	2311.8806152	2297.8806152	2789.040039	4196.5610352
2313.8	2313.7807617	2299.7807617	2789.8601074	4634.6230469
2314.1101074	2314.09082	2300.09082	2791.280029	436.6651917
2317.0800781	2317.0605469	2303.0605469	2793.77002	2385.3098145
2322.290039	2322.27002	2308.27002	2797.77002	2604.831543
2322.3701172	2322.3500977	2308.3500977	2797.8300781	2665.4641113
2322.8701172	2322.8500977	2308.8500977	2798.280029	2222.5810547
2323.030029	2323.01001	2309.01001	2799.209961	343.846741
2326.01001	2325.9897461	2311.9897461	2801.7	2393.578369
2326.1499023	2326.1296387	2312.1296387	2801.77002	3991.2307129
2326.780029	2326.7597656	2312.7597656	2802.0700684	4198.1875
2328.6799316	2328.659668	2314.659668	2802.9099121	4524.821289
2328.97998	2328.9597168	2314.9597168	2804.3300781	422.4971924
2334.209961	2334.189209	2320.189209	2808.3300781	2614.84082
2334.290039	2334.2692871	2320.2692871	2808.3898926	2676.0834961
2334.790039	2334.7692871	2320.7692871	2808.8300781	2271.9450684
2334.9399414	2334.919189	2320.919189	2809.75	325.831543
2337.9099121	2337.888916	2323.888916	2812.26001	2366.50293
2338.0500488	2338.0290527	2324.0290527	2812.3200684	4664.5625
2338.6799316	2338.6589355	2324.6589355	2812.6298828	4064.2077637
2340.5800781	2340.5588379	2326.5588379	2813.4499512	4634.6230469
2343.719971	2343.6984863	2329.6984863	2816.8200684	1863.1496582
2346.8400879	2346.818359	2332.818359	2819.790039	2100.955811
2349.52002	2349.498291	2335.498291	2821.3200684	3503.0891113
2349.8100586	2349.78833	2335.78833	2822.3500977	563.1605835
2352.790039	2352.7680664	2338.7680664	2824.8400879	2393.3491211
2358	2357.977539	2343.977539	2828.8400879	2604.831543
2358.0800781	2358.0576172	2344.0576172	2828.9	2676.0834961
2358.5800781	2358.5576172	2344.5576172	2829.3400879	2271.9450684
2358.74	2358.717529	2344.717529	2830.27002	343.846741
2361.719971	2361.6972656	2347.6972656	2832.77002	2383.762939
2361.8601074	2361.8374023	2347.8374023	2832.8400879	3998.196289
2362.49	2362.4672852	2348.4672852	2833.1398926	4203.237793
2364.3898926	2364.3669434	2350.3669434	2833.959961	4632.6801758
2367.52002	2367.49707	2353.49707	2837.3300781	1857.4863281
2367.6699219	2367.6467285	2353.6467285	2838.25	325.9160156
2370.6398926	2370.616699	2356.616699	2840.76001	2366.2780762
2373.3100586	2373.2866211	2359.2866211	2841.9	4684.67041
2376.4499512	2376.42627	2362.42627	2845.27002	1863.2814941
2376.6	2376.576416	2362.576416	2846.1899414	326.3622131
2379.5700684	2379.5461426	2365.5461426	2848.6899414	2375.755859
2382.26001	2382.23584	2368.23584	2849.8300781	4718.378418
2382.5500488	2382.5258789	2368.5258789	2851.24	411.4415283
2385.52002	2385.4956055	2371.4956055	2853.74	2375.755859
2388.5	2388.4755859	2374.4755859	2856.22998	2393.3491211
2391.469971	2391.4453125	2377.4453125	2858.72998	2375.755859
2396.6899414	2396.6647949	2382.6647949	2862.72998	2609.8361816
2396.77002	2396.744873	2382.744873	2862.790039	2665.4641113
2397.280029	2397.2548828	2383.2548828	2863.3500977	1821.1888428
2400.4	2400.3745117	2386.3745117	2866.3200684	2100.7915039
2401.3798828	2401.3544922	2387.3544922	2866.72998	4781.90625
2401.6799316	2401.654541	2387.654541	2866.8500977	4993.6821289
2403.0800781	2403.0544434	2389.0544434	2867.9099121	2642.1728516
2403.3798828	2403.354248	2389.354248	2868.9499512	576.5172119
2406.3500977	2406.3242188	2392.3242188	2871.4399414	2385.505859
2409.3300781	2409.304199	2395.304199	2873.9299316	2393.3491211
2412.3	2412.2739258	2398.2739258	2876.4299316	2375.755859
2415.280029	2415.2536621	2401.2536621	2878.9299316	2383.9902344
2418.26001	2418.2333984	2404.2333984	2881.4299316	2383.762939
2421.22998	2421.203125	2407.203125	2883.9199219	2385.3098145
2424.209961	2424.1828613	2410.1828613	2886.4099121	2393.3491211
2427.1799316	2427.1525879	2413.1525879	2888.9099121	2375.9824219
2430.1599121	2430.1325684	2416.1325684	2891.4	2393.3491211
2433.1398926	2433.1123047	2419.1123047	2893.9	2383.762939
2436.1101074	2436.0822754	2422.0822754	2896.3898926	2385.505859
2439.0900879	2439.0620117	2425.0620117	2898.8898926	2383.9902344
2442.0600586	2442.0317383	2428.0317383	2901.3798828	2385.3098145
2445.040039	2445.0114746	2431.0114746	2903.8701172	2393.119873
2450.24	2450.2111816	2436.2111816	2907.8701172	2599.8271484
2450.3200684	2450.29126	2436.29126	2907.9299316	2676.0834961
2450.8300781	2450.80127	2436.80127	2908.3701172	2317.4282227
2450.99	2450.9611816	2436.9611816	2909.3100586	340.1841431
2453.969971	2453.940918	2439.940918	2911.8	2393.3491211
2454.1101074	2454.0810547	2440.0810547	2911.8701172	4011.842041
2454.74	2454.7109375	2440.7109375	2912.1699219	4199.8969727
2456.6398926	2456.6105957	2442.6105957	2913	4576.8007813
2456.9399414	2456.9106445	2442.9106445	2914.4099121	425.6411133
2459.9199219	2459.890381	2445.890381	2916.9099121	2383.762939
2465.1298828	2465.1	2451.1	2920.9099121	2604.831543
2465.209961	2465.1801758	2451.1801758	2920.969971	2665.4641113
2465.709961	2465.6799316	2451.6799316	2921.4099121	2273.17627
2465.8701172	2465.8400879	2451.8400879	2922.3500977	340.6171265
2468.8400879	2468.8100586	2454.8100586	2924.8500977	2376.085449
2468.97998	2468.9499512	2454.9499512	2924.9099121	4675.3149414
2469.6101074	2469.5800781	2455.5800781	2925.219971	4062.9423828
2471.51001	2471.47998	2457.47998	2926.040039	4634.352051
2471.8200684	2471.790039	2457.790039	2927.459961	436.69577
2477.040039	2477.01001	2463.01001	2930.97998	2965.8823242
2477.77002	2477.74	2463.74	2931.3500977	3945.5668945
2480.75	2480.719971	2466.719971	2933.3701172	2950.299561
2483.4199219	2483.3898926	2469.3898926	2933.5	41095.28125
2483.719971	2483.6899414	2469.6899414	2934.4399414	638.5063477
2486.7	2486.6699219	2472.6699219	2936.4499512	2964.9968262
2489.6699219	2489.6398926	2475.6398926	2938.4199219	3015.48291
2492.6499023	2492.619873	2478.619873	2940.0500488	3655.730957
2495.6201172	2495.5900879	2481.5900879	2941.6799316	3644.8168945
2498.6	2498.5700684	2484.5700684	2943.3300781	3611.8896484
2501.5700684	2501.540039	2487.540039	2944.969971	3622.262207
2507.0600586	2507.030029	2493.030029	2948.3200684	3277.35376
2510.5	2510.469971	2496.469971	2948.77002	15292.1669922
2511.77002	2511.74	2497.74	2950.219971	1751.9644775
2513	2512.969971	2498.969971	2951.3200684	2235.7148438
2513.1799316	2513.1499023	2499.1499023	2951.959961	562.5702515
2513.47998	2513.4499512	2499.4499512	2952.8798828	652.239441
2518.959961	2518.9299316	2504.9299316	2957.22998	2519.4238281
2519.2	2519.1699219	2505.1699219	2957.72998	960.0305176
2519.280029	2519.25	2505.25	2958.3200684	271.4117126
2519.4299316	2519.4	2505.4	2959.0800781	394.5628967
2522.4	2522.369873	2508.369873	2961.719971	2249.9702148
2523.6699219	2523.6398926	2509.6398926	2963.1599121	1764.1490479
2524.9	2524.869873	2510.869873	2964.26001	2235.7148438
2525.0800781	2525.0500488	2511.0500488	2964.9099121	554.447571
2528.2	2528.1699219	2514.1699219	2967.76001	2189.3417969
2531.3300781	2531.3	2517.3	2970.5800781	2219.9365234
2534	2533.969971	2519.969971	2972.8898926	2311.8215332
2534.3	2534.27002	2520.27002	2973.75	697.6141968
2537.280029	2537.25	2523.25	2976.3898926	2257.7573242
2540.26001	2540.22998	2526.22998	2978.6799316	2602.5910645
2543.22998	2543.2	2529.2	2980.97998	2582.5561523
2548.709961	2548.6799316	2534.6799316	2984.99	2733.1831055
2548.9499512	2548.9199219	2534.9199219	2985.1298828	3429.61499
2549.030029	2549	2535	2985.3798828	640.3660889
2549.1799316	2549.1499023	2535.1499023	2985.77002	768.6259155
2552.1599121	2552.1298828	2538.1298828	2988.0600586	2602.5910645
2553.4299316	2553.4	2539.4	2989.1599121	2309.494141
2554.6599121	2554.6298828	2540.6298828	2989.9	3324.04126
2554.8400879	2554.8100586	2540.8100586	2990.2	1200.4956055
2555.1298828	2555.0998535	2541.0998535	2990.76001	1034.8983154
2560.540039	2560.51001	2546.51001	2994.8701172	2632.616699
2560.6101074	2560.5800781	2546.5800781	2995.1298828	539.7391968
2560.8500977	2560.8200684	2546.8200684	2995.4299316	1599.03418
2564.0600586	2564.030029	2550.030029	2997.969971	2527.654541
2565.5600586	2565.530029	2551.530029	2998.97998	2969.7692871
2565.8500977	2565.8200684	2551.8200684	2999.6799316	828.6866455
2566.5600586	2566.530029	2552.530029	3000.0800781	3549.21582
2567.040039	2567.01001	2553.01001	3000.1699219	10680.0214844
2572.76001	2572.72998	2558.72998	3004.02002	2971.42627
2575.959961	2575.9299316	2561.9299316	3005.76001	3678.1496582
2578.4499512	2578.4199219	2564.4199219	3007.22998	3387.5368652
2578.5600586	2578.530029	2564.530029	3007.8798828	338.829041
2581.77002	2581.74	2567.74	3009.8500977	3258.7563477
2584.8898926	2584.8598633	2570.8598633	3012.4099121	2437.49585
2587.5700684	2587.540039	2573.540039	3014.51001	2552.55957
2587.8601074	2587.8300781	2573.8300781	3015.1298828	935.7784424
2590.8400879	2590.8100586	2576.8100586	3017.5600586	2452.4562988
2593.8200684	2593.790039	2579.790039	3019.969971	2473.07959
2596.790039	2596.76001	2582.76001	3022.3798828	2464.772461
2599.77002	2599.74	2585.74	3024.790039	2472.834961
2602.74	2602.709961	2588.709961	3027.209961	2454.5734863
2605.719971	2605.6899414	2591.6899414	3029.6201172	2472.834961
2608.6899414	2608.6599121	2594.6599121	3032.040039	2454.5734863
2613.8300781	2613.8	2599.8	3035.8898926	2670.37793
2614.4199219	2614.3898926	2600.3898926	3036.0800781	6200.4609375
2614.5	2614.469971	2600.469971	3036.4399414	445.1583862
2617.6201172	2617.5900879	2603.5900879	3039.02002	2418.540039
2617.959961	2617.9299316	2603.9299316	3039.75	931.030701
2620.1298828	2620.0998535	2606.0998535	3040.8500977	3945.085449
2620.3	2620.27002	2606.27002	3041.27002	810.5939941
2620.5900879	2620.5600586	2606.5600586	3041.8898926	935.7784424
2625.719971	2625.6899414	2611.6899414	3046.27002	2342.29126
2625.8300781	2625.8	2611.8	3047.1201172	259.087799
2626.3100586	2626.280029	2612.280029	3048.040039	1043.37085
2626.5500488	2626.52002	2612.52002	3049.030029	484.870911
2629.52002	2629.49	2615.49	3051.97998	2013.5715332
2630.4299316	2630.4	2616.4	3052.74	2394.2585449
2632.02002	2631.99	2617.99	3054.1201172	2304.5307617
2632.5	2632.469971	2618.469971	3054.3200684	4799.008301
2638.209961	2638.1799316	2624.1799316	3058.26001	2898.5551758
2638.4499512	2638.4199219	2624.4199219	3058.4099121	3200.6105957
2641.4199219	2641.3898926	2627.3898926	3060.459961	2897.6413574
2643.9199219	2643.8898926	2629.8898926	3062.02002	3204.6943359
2644.0900879	2644.0600586	2630.0600586	3062.0800781	5664.5078125
2644.4	2644.369873	2630.369873	3062.4099121	1879.1843262
2650.1201172	2650.0900879	2636.0900879	3066.3601074	2896.2241211
2650.3500977	2650.3200684	2636.3200684	3066.47998	3835.4194336
2653.3300781	2653.3	2639.3	3068.540039	2892.939209
2655.8200684	2655.790039	2641.790039	3070.1101074	3171.9897461
2656	2655.969971	2641.969971	3070.1799316	5151.4541016
2656.3	2656.27002	2642.27002	3070.5	1875.5528564
2659.280029	2659.25	2645.25	3072.5600586	2892.939209
2662.25	2662.219971	2648.219971	3074.6201172	2883.5556641
2665.22998	2665.199707	2651.199707	3076.6699219	2907.2792969
2668.2	2668.1696777	2654.1696777	3078.719971	2897.4707031
2671.1799316	2671.1494141	2657.1494141	3080.790039	2878.7763672
2674.1599121	2674.12915	2660.12915	3082.8500977	2893.10376
2677.1298828	2677.0991211	2663.0991211	3084.8898926	2911.6938477
2680.1101074	2680.0791016	2666.0791016	3086.9499512	2893.005859
2683.0800781	2683.0488281	2669.0488281	3089.01001	2883.3857422
2688.790039	2688.7585449	2674.7585449	3093.0900879	2798.7963867
2689.030029	2688.9985352	2674.9985352	3093.3601074	1776.7568359
2692.01001	2691.9782715	2677.9782715	3095.5600586	2709.05127
2694.5	2694.4680176	2680.4680176	3097.25	2946.71582
2694.6799316	2694.647949	2680.647949	3097.4399414	1893.7103271
2697.8100586	2697.7780762	2683.7780762	3099.8601074	2586.529541
2697.959961	2697.9279785	2683.9279785	3100.1599121	1000.316589
2700.9399414	2700.9077148	2686.9077148	3102.3500977	2721.1425781
2703.6101074	2703.5776367	2689.5776367	3104.1699219	2934.3190918
2703.9099121	2703.8774414	2689.8774414	3104.6298828	1303.0030518
2706.8898926	2706.8571777	2692.8571777	3106.8200684	2721.1425781
2709.8601074	2709.8273926	2695.8273926	3109.01001	2712.5205078
2712.8400879	2712.8071289	2698.8071289	3111.2	2721.4389648
2718.5500488	2718.5168457	2704.5168457	3115.280029	2798.7963867
2718.790039	2718.7568359	2704.7568359	3115.5600586	1713.2471924
2721.77002	2721.7365723	2707.7365723	3117.530029	3025.1018066
2724.26001	2724.2263184	2710.2263184	3119	3387.8867188
2724.74	2724.7062988	2710.7062988	3119.22998	4172.15625
2730.459961	2730.4260254	2716.4260254	3123.0900879	2963.543457
2730.6899414	2730.6560059	2716.6560059	3123.1398926	9230.1552734
2733.6699219	2733.6357422	2719.6357422	3125.1201172	3009.440918
2736.1599121	2736.1254883	2722.1254883	3126.5900879	3387.8867188
2736.6398926	2736.6054688	2722.6054688	3126.8200684	4172.15625
2739.6201172	2739.5856934	2725.5856934	3128.790039	3025.349609
2745.3400879	2745.3051758	2731.3051758	3132.6599121	2956.057373
2745.5700684	2745.5351563	2731.5351563	3132.7	11482.7519531
2751.0500488	2751.0148926	2737.0148926	3136.290039	3052.643311
2751.3601074	2751.3249512	2737.3249512	3136.3500977	10320.662109
2751.52002	2751.4848633	2737.4848633	3136.4399414	3557.9868164
2754.5	2754.4646	2740.4646	3138.4099121	3025.4680176
2757.1699219	2757.1342773	2743.1342773	3140	3357.6625977
2757.469971	2757.4343262	2743.4343262	3140.24	2501.8327637
2760.4499512	2760.4140625	2746.4140625	3142.219971	3009.8032227
2763.4299316	2763.394043	2749.394043	3144.1799316	3040.9265137
2769.1398926	2769.1035156	2755.1035156	3148.0500488	2950.520752
2769.3798828	2769.3435059	2755.3435059	3148.1101074	7988.35498
2772.3500977	2772.313721	2758.313721	3150.0700684	3030.9611816
2774.8400879	2774.8034668	2760.8034668	3151.5500488	3364.42041
2778.1499023	2778.1130371	2764.1130371	3153.9499512	2758.106689
2778.3	2778.2631836	2764.2631836	3154.26001	968.8045044
2781.280029	2781.24292	2767.24292	3156.459961	2708.7578125
2783.9499512	2783.9128418	2769.9128418	3158.27002	2949.895752
2784.26001	2784.2229	2770.2229	3158.74	1319.5367432
2787.22998	2787.192627	2773.192627	3160.9299316	2712.2976074
2790.209961	2790.1723633	2776.1723633	3163.1298828	2709.05127
2793.1799316	2793.142334	2779.142334	3165.3300781	2699.3664551
2798.8898926	2798.8518066	2784.8518066	3169.4199219	2792.1069336
2799.1298828	2799.0917969	2785.0917969	3169.6899414	1778.326416
2802.1101074	2802.0717773	2788.0717773	3171.8898926	2709.2731934
2804.6101074	2804.5717773	2790.5717773	3173.5900879	2940.309082
2804.780029	2804.741699	2790.741699	3173.790039	1700.8640137
2805.0900879	2805.0517578	2791.0517578	3174.25	1348.2668457
2810.8100586	2810.77124	2796.77124	3178.3400879	2796.6755371
2811.040039	2811.001221	2797.001221	3178.5800781	1917.5968018
2814.01001	2813.9711914	2799.9711914	3180.790039	2687.717529
2816.51001	2816.4709473	2802.4709473	3182.6899414	2631.482666
2816.99	2816.9509277	2802.9509277	3183.02002	2906.9538574
2822.709961	2822.67041	2808.67041	3187.1101074	2796.838623
2822.9399414	2822.900391	2808.900391	3187.3798828	1705.6608887
2825.9199219	2825.8803711	2811.8803711	3189.5700684	2721.1425781
2828.4199219	2828.380127	2814.380127	3191.280029	2923.5026855
2828.6	2828.5603027	2814.5603027	3191.49	1717.4261475
2831.709961	2831.6699219	2817.6699219	3193.8898926	2591.4851074
2831.8701172	2831.8300781	2817.8300781	3194.209961	1000.3044434
2834.8400879	2834.7998047	2820.7998047	3196.4	2712.213623
2837.51001	2837.4694824	2823.4694824	3198.209961	2949.7485352
2840.6499023	2840.609131	2826.609131	3200.6298828	2594.7253418
2840.790039	2840.7492676	2826.7492676	3200.9399414	904.1723633
2843.77002	2843.72876	2829.72876	3203.1499023	2696.6413574
2846.4399414	2846.3984375	2832.3984375	3204.9499512	2966.1577148
2846.75	2846.7084961	2832.7084961	3205.4199219	1318.8017578
2849.719971	2849.6782227	2835.6782227	3207.3200684	3126.0144043
2852.7	2852.6577148	2838.6577148	3209.219971	3136.5500488
2855.6699219	2855.6274414	2841.6274414	3211.1201172	3125.6223145
2858.6499023	2858.6071777	2844.6071777	3213.01001	3153.1687012
2861.6298828	2861.58667	2847.58667	3214.9199219	3120.4953613
2864.6	2864.556641	2850.556641	3216.8200684	3125.87915
2867.5800781	2867.536377	2853.536377	3218.719971	3136.5500488
2870.5500488	2870.505859	2856.505859	3220.6101074	3142.1809082
2876.27002	2876.2253418	2862.2253418	3224.4	3018.394043
2881.99	2881.94458	2867.94458	3228.1899414	3018.01416
2882.459961	2882.414551	2868.414551	3228.26001	13408.0644531
2885.4299316	2885.3842773	2871.3842773	3230.1499023	3142.5771484
2887.77002	2887.7241211	2873.7241211	3231.4499512	3600.1364746
2891.22998	2891.1835938	2877.1835938	3233.5800781	3248.0244141
2894.3601074	2894.3134766	2880.3134766	3235.6499023	3024.3693848
2897.030029	2896.98291	2882.98291	3237.219971	3400.317627
2897.3400879	2897.2929688	2883.2929688	3237.3300781	5641.3818359
2900.3100586	2900.2626953	2886.2626953	3239.22998	3126.0144043
2903.290039	2903.2424316	2889.2424316	3241.1298828	3136.5500488
2906.26001	2906.2119141	2892.2119141	3243.030029	3125.6223145
2909.24	2909.19165	2895.19165	3244.9299316	3136.5500488
2912.209961	2912.161377	2898.161377	3246.8300781	3126.0144043
2918.1699219	2918.1206055	2904.1206055	3250.6298828	3136.5500488
2921.1398926	2921.090332	2907.090332	3252.530029	3125.6223145
2924.1201172	2924.0700684	2910.0700684	3254.4299316	3137.2006836
2927.0900879	2927.0397949	2913.0397949	3256.3300781	3125.666748
2933.0500488	2933	2919	3260.1298828	3136.6135254
2938.76001	2938.70874	2924.70874	3263.9199219	3012.9831543
2941.969971	2941.918457	2927.918457	3265.9499512	3162.0339355
2944.469971	2944.4182129	2930.4182129	3267.4099121	3424.7365723
2944.9499512	2944.8981934	2930.8981934	3267.4299316	47928.7070313
2947.9199219	2947.86792	2933.86792	3269.3200684	3142.2443848
2950.9	2950.8476563	2936.8476563	3271.219971	3136.6135254
2953.8798828	2953.8273926	2939.8273926	3273.1201172	3136.219971
2956.8500977	2956.797119	2942.797119	3275.030029	3109.9438477
2962.5700684	2962.5166016	2948.5166016	3278.8200684	3018.2651367
2965.780029	2965.7263184	2951.7263184	3280.6899414	3432.96167
2968.280029	2968.2260742	2954.2260742	3282.1	3545.1669922
2968.75	2968.6960449	2954.6960449	3282.1699219	13500.1738281
2974.469971	2974.4155273	2960.4155273	3285.959961	3018.0751953
2977.6799316	2977.6252441	2963.6252441	3287.8400879	3414.24292
2980.1699219	2980.11499	2966.11499	3289.24	3557.4350586
2983.47998	2983.4248047	2969.4248047	3291.26001	3276.7998047
2983.6298828	2983.574707	2969.574707	3291.27002	29937.1582031
2986.6101074	2986.5546875	2972.5546875	3293.1799316	3120.424561
2989.280029	2989.2243652	2975.2243652	3294.6899414	3536.22998
2989.5800781	2989.5244141	2975.5244141	3294.8701172	3329.05957
2992.5600586	2992.5039063	2978.5039063	3296.76001	3153.2324219
2998.280029	2998.2233887	2984.2233887	3300.5500488	3018.2651367
3001.49	3001.4331055	2987.4331055	3302.4	3470.1274414
3003.97998	3003.9228516	2989.9228516	3304.01001	3092.8034668
3004.459961	3004.402832	2990.402832	3304.040039	31952.4707031
3007.4399414	3007.3825684	2993.3825684	3305.9399414	3136.6135254
3010.4199219	3010.3623047	2996.3623047	3307.8400879	3136.219971
3013.3898926	3013.3320313	2999.3320313	3309.72998	3142.640625
3016.3701172	3016.3120117	3002.3120117	3311.6398926	3120.814209
3019.3400879	3019.2817383	3005.2817383	3313.540039	3125.6855469
3022.3200684	3022.2614746	3008.2614746	3315.4399414	3136.6135254
3025.3	3025.241211	3011.241211	3317.3400879	3136.219971
3028.27002	3028.2109375	3014.2109375	3319.24	3126.0776367
3031.25	3031.19043	3017.19043	3321.1398926	3137.0073242
3034.219971	3034.1601563	3020.1601563	3323.040039	3125.6855469
3037.2	3037.1398926	3023.1398926	3324.9399414	3136.6135254
3040.1799316	3040.1193848	3026.1193848	3326.8300781	3152.508301
3043.1499023	3043.088623	3029.088623	3328.74	3109.63623
3046.1298828	3046.0678711	3032.0678711	3330.6398926	3136.1696777
3049.1101074	3049.0476074	3035.0476074	3332.540039	3136.032959
3052.0800781	3052.0168457	3038.0168457	3334.4399414	3125.6352539
3055.0600586	3054.9960938	3040.9960938	3336.3300781	3152.3884277
3058.040039	3057.9753418	3043.9753418	3338.24	3120.1169434
3061.01001	3060.94458	3046.94458	3340.1398926	3125.6352539
3063.99	3063.9240723	3049.9240723	3342.24	2837.11377
3066.959961	3066.893311	3052.893311	3344.3300781	2841.4541016
3069.9399414	3069.8725586	3055.8725586	3346.4399414	2824.2893066
3072.9199219	3072.8518066	3058.8518066	3348.530029	2850.7055664
3075.8898926	3075.8210449	3061.8210449	3350.6298828	2828.2260742
3078.8701172	3078.8005371	3064.8005371	3352.719971	2850.939209
3081.8500977	3081.780029	3067.780029	3354.8200684	2837.4360352
3084.8200684	3084.7492676	3070.7492676	3356.9299316	2814.484375
3090.5500488	3090.4777832	3076.4777832	3360.9099121	2878.7814941
3090.780029	3090.7077637	3076.7077637	3361.040039	3532.549561
3093.75	3093.677002	3079.677002	3363.1398926	2828.2260742
3096.26001	3096.1865234	3082.1865234	3364.959961	2757.4853516
3096.72998	3096.6564941	3082.6564941	3365.1899414	4084.4484863
3099.7	3099.6257324	3085.6257324	3367.290039	2827.905029
3102.6799316	3102.60498	3088.60498	3369.3798828	2851.0307617
3105.6599121	3105.5842285	3091.5842285	3371.47998	2837.4360352
3108.6298828	3108.5534668	3094.5534668	3373.5800781	2827.905029
3114.3500977	3114.272461	3100.272461	3377.5700684	2866.491211
3114.5900879	3114.5124512	3100.5124512	3377.74	2826.85498
3117.5600586	3117.481689	3103.481689	3379.8400879	2827.5839844
3120.0600586	3119.9812012	3105.9812012	3381.4399414	3124.6936035
3120.22998	3120.1508789	3106.1508789	3381.540039	3393.0476074
3120.540039	3120.4609375	3106.4609375	3381.9199219	1632.3675537
3123.52002	3123.4401855	3109.4401855	3384.01001	2850.7055664
3126.49	3126.409668	3112.409668	3386.1101074	2827.94165
3132.219971	3132.1384277	3118.1384277	3390.1	2871.630859
3135.4199219	3135.3376465	3121.3376465	3392.3300781	2869.109619
3137.9399414	3137.8571777	3123.8571777	3393.99	3035.7854
3138.1101074	3138.0273438	3124.0273438	3394.0900879	3398.010498
3138.4	3138.3171387	3124.3171387	3394.4299316	1705.599609
3144.2	3144.1159668	3130.1159668	3398.0600586	3194.8244629
3147.3300781	3147.2453613	3133.2453613	3399.459961	4470.71582
3150	3149.9147949	3135.9147949	3401.72998	2351.890869
3153.280029	3153.1940918	3139.1940918	3402.790039	6187.4179688
3156.25	3156.1635742	3142.1635742	3404.4499512	3577.8269043
3162.209961	3162.1223145	3148.1223145	3407.75	3611.4125977
3165.1799316	3165.0915527	3151.0915527	3409.4	3599.0219727
3168.1599121	3168.0710449	3154.0710449	3411.0600586	3589.3696289
3171.1398926	3171.050293	3157.050293	3412.719971	3589.8852539
3174.1101074	3174.02002	3160.02002	3414.3701172	3599.2973633
3180.0700684	3179.9777832	3165.9777832	3417.6699219	3610.859375
3183.040039	3182.9467773	3168.9467773	3419.3300781	3576.7648926
3189	3188.904541	3174.904541	3422.6298828	3611.1201172
3191.969971	3191.8735352	3177.8735352	3424.290039	3576.7648926
3197.77002	3197.6713867	3183.6713867	3427.8898926	3221.202881
3200.9	3200.800293	3186.800293	3428.8500977	6515.8823242
3203.5700684	3203.46875	3189.46875	3431.49	2021.8803711
3206.8601074	3206.7565918	3192.7565918	3432.1499023	9963.5527344
3209.8400879	3209.734375	3195.734375	3433.8	3609.3071289
3212.8100586	3212.7021484	3198.7021484	3435.469971	3554.55542
3220.030029	3219.9169922	3205.9169922	3439.469971	3607.2355957
3221.75	3221.6357422	3207.6357422	3440.4199219	3618.9367676
3224.72998	3224.6135254	3210.6135254	3442.0800781	3587.5361328
3227.219971	3227.1018066	3213.1018066	3443.469971	3580.2089844
3227.7	3227.581543	3213.581543	3443.72998	3691.2744141
3230.6799316	3230.55957	3216.55957	3445.3798828	3609.6088867
3233.6599121	3233.5385742	3219.5385742	3447.030029	3610.6298828
3239.4499512	3239.32666	3225.32666	3450.6398926	3206.751709
3242.5900879	3242.4655762	3228.4655762	3451.6	6538.909668
3245.26001	3245.1345215	3231.1345215	3454.24	2021.955811
3248.540039	3248.4135742	3234.4135742	3454.9	9940.4707031
3251.52002	3251.392334	3237.392334	3456.5500488	3610.1081543
3254.49	3254.3613281	3240.3613281	3458.209961	3577.3098145
3257.469971	3257.340332	3243.340332	3459.8601074	3610.6298828
3260.4499512	3260.318359	3246.318359	3461.52002	3588.4260254
3263.4299316	3263.2963867	3249.2963867	3463.1699219	3610
3266.4	3266.2644043	3252.2644043	3464.8200684	3596.835449
3269.3798828	3269.2424316	3255.2424316	3466.47998	3588.2226563
3275.1899414	3275.048584	3261.048584	3470.0800781	3225.54834
3278.3200684	3278.1765137	3264.1765137	3471.030029	6586.3168945
3280.99	3280.8447266	3266.8447266	3473.6799316	2013.673584
3284.27002	3284.1225586	3270.1225586	3474.3500977	9781.7568359
3287.25	3287.1005859	3273.1005859	3476	3610
3290.22998	3290.078369	3276.078369	3477.6499023	3609.87207
3293.2	3293.0463867	3279.0463867	3479.3	3597.1835938
3296.1799316	3296.02417	3282.02417	3480.959961	3588.0515137
3302.1398926	3301.97998	3287.97998	3484.26001	3609.3071289
3305.1201172	3304.9580078	3290.9580078	3485.9199219	3588.345459
3308.0900879	3307.9257813	3293.9257813	3487.5700684	3597.1835938
3311.0700684	3310.9035645	3296.9035645	3489.22998	3588.0515137
3314.0500488	3313.8815918	3299.8815918	3490.8798828	3609.8288574
3317.030029	3316.859131	3302.859131	3492.530029	3608.3857422
3320.01001	3319.8359375	3305.8359375	3494.1799316	3608.6708984
3322.97998	3322.8027344	3308.8027344	3495.8400879	3574.3388672
3325.959961	3325.7797852	3311.7797852	3497.49	3608.6708984
3328.9399414	3328.7565918	3314.7565918	3499.1499023	3586.9006348
3334.9	3334.710449	3320.710449	3502.4499512	3608.1494141
3337.8798828	3337.6872559	3323.6872559	3504.1101074	3586.385498
3340.8601074	3340.664551	3326.664551	3505.76001	3608.9665527
3343.8400879	3343.6413574	3329.6413574	3507.4099121	3608.6708984
3346.8100586	3346.6081543	3332.6081543	3509.0600586	3595.429199
3349.790039	3349.584961	3335.584961	3510.709961	3608.5373535
3352.77002	3352.5617676	3338.5617676	3512.3798828	3565.2595215
3361.709961	3361.4921875	3347.4921875	3517.3300781	3608.015869
3364.6899414	3364.4689941	3350.4689941	3518.97998	3608.5373535
3370.49	3370.2626953	3356.2626953	3522.5800781	3218.685791
3373.6201172	3373.3894043	3359.3894043	3523.5500488	6447.7011719
3376.290039	3376.056641	3362.056641	3526.1799316	2028.1849365
3379.5800781	3379.3430176	3365.3430176	3526.8601074	9666.6367188
3382.5600586	3382.3198242	3368.3198242	3528.51001	3608.015869
3385.540039	3385.296631	3371.296631	3530.1599121	3608.5373535
3391.5	3391.2502441	3377.2502441	3533.459961	3608.2766113
3394.47998	3394.227051	3380.227051	3535.1201172	3586.25293
3400.280029	3400.020752	3386.020752	3538.719971	3218.8989258
3403.4099121	3403.1481934	3389.1481934	3539.6799316	6514.633301
3406.1	3405.8364258	3391.8364258	3542.3300781	2028.8598633
3409.3701172	3409.1040039	3395.1040039	3542.99	9902.9257813
3412.3500977	3412.0820313	3398.0820313	3544.6398926	3609.8288574
3415.3200684	3415.0498047	3401.0498047	3546.290039	3597.1835938
3418.3	3418.0275879	3404.0275879	3547.9399414	3609.3071289
3421.280029	3421.0056152	3407.0056152	3549.6101074	3566.0263672
3427.24	3426.9611816	3412.9611816	3552.9099121	3609.8288574
3430.209961	3429.928711	3415.928711	3554.5600586	3596.65918
3433.1899414	3432.9055176	3418.9055176	3556.209961	3608.015869
3436.1699219	3435.8823242	3421.8823242	3557.8701172	3586.25293
3442.1298828	3441.8356934	3427.8356934	3561.1699219	3608.5373535
3445.1101074	3444.8127441	3430.8127441	3562.8300781	3586.546631
3448.0900879	3447.789551	3433.789551	3564.47998	3608.015869
3451.0700684	3450.7663574	3436.7663574	3566.1398926	3586.7678223
3454.040039	3453.7331543	3439.7331543	3567.790039	3595.8967285
3457.02002	3456.709961	3442.709961	3569.4399414	3608.546631
3462.97998	3462.6657715	3448.6657715	3572.74	3609.39624
3465.959961	3465.6437988	3451.6437988	3574.4	3588.1401367
3468.9299316	3468.6115723	3454.6115723	3576.0600586	3575.5739746
3474.8898926	3474.5673828	3460.5673828	3579.3601074	3609.6569824
3477.8701172	3477.5456543	3463.5456543	3581.02002	3587.9187012
3480.8500977	3480.5236816	3466.5236816	3582.6699219	3609.9177246
3483.8200684	3483.4914551	3469.4914551	3584.3200684	3597.2722168
3486.8	3486.4692383	3472.4692383	3585.969971	3609.5871582
3489.780029	3489.4460449	3475.4460449	3587.6201172	3608.1647949
3495.5800781	3495.2402344	3481.2402344	3591.219971	3219.0317383
3498.719971	3498.376709	3484.376709	3592.1899414	6466.494141
3501.3898926	3501.0439453	3487.0439453	3594.8300781	2020.5753174
3507.49	3507.1376953	3493.1376953	3597.4399414	4669.640625
3510.6298828	3510.2744141	3496.2744141	3598.4099121	6468.0839844
3513.3	3512.9418945	3498.9418945	3601.040039	2028.2701416
3516.5900879	3516.2285156	3502.2285156	3601.709961	9815.0185547
3519.5700684	3519.2053223	3505.2053223	3603.3701172	3585.8857422
3525.530029	3525.15918	3511.15918	3606.6699219	3608.6860352
3528.5	3528.1259766	3514.1259766	3608.3200684	3596.0449219
3531.47998	3531.1030273	3517.1030273	3609.969971	3608.6860352
3537.4399414	3537.0568848	3523.0568848	3613.290039	3586.4006348
3543.4	3543.0107422	3529.0107422	3616.5900879	3608.4255371
3546.3798828	3545.987793	3531.987793	3618.24	3608.9111328
3549.3601074	3548.9650879	3534.9650879	3619.9	3586.9743652
3555.1699219	3554.7692871	3540.7692871	3623.5	3224.4897461
3558.290039	3557.8864746	3543.8864746	3624.8500977	4618.2421875
3560.969971	3560.5639648	3546.5639648	3627.1	2379.9370117
3564.25	3563.84082	3549.84082	3628.1699219	6124.921875
3567.22998	3566.8171387	3552.8171387	3629.8200684	3607.3669434
3573.1899414	3572.769043	3558.769043	3633.1201172	3607.2644043
3576.1699219	3575.744873	3561.744873	3634.780029	3585.7619629
3582.1298828	3581.6967773	3567.6967773	3638.0800781	3607.0039063
3585.1101074	3584.6730957	3570.6730957	3639.74	3586.0556641
3588.0900879	3587.6489258	3573.6489258	3641.3898926	3607.5251465
3591.0600586	3590.61499	3576.61499	3643.0500488	3573.2041016
3597.02002	3596.5668945	3582.5668945	3646.3500977	3607.0039063
3600	3599.5427246	3585.5427246	3648	3607.5251465
3602.97998	3602.5185547	3588.5185547	3649.6499023	3607.43335
3608.9399414	3608.469971	3594.469971	3652.969971	3584.9694824
3614.9	3614.4213867	3600.4213867	3656.27002	3606.9853516
3617.8798828	3617.3972168	3603.3972168	3657.9299316	3585.484375
3620.8601074	3620.373291	3606.373291	3659.5800781	3607.0202637
3626.6799316	3626.18457	3612.18457	3663.1799316	3228.7180176
3629.8	3629.300293	3615.300293	3664.1298828	6558.5981445
3632.47998	3631.9755859	3617.9755859	3666.780029	2019.0114746
3638.6	3638.0847168	3624.0847168	3669.4	4663.5268555
3641.72998	3641.2089844	3627.2089844	3670.3500977	6576.7705078
3644.4199219	3643.894043	3629.894043	3673	2026.4984131
3647.6899414	3647.1582031	3633.1582031	3673.6599121	9895.8730469
3650.6699219	3650.1330566	3636.1330566	3675.3100586	3604.9125977
3653.6499023	3653.107666	3639.107666	3676.969971	3584.2006836
3656.6298828	3656.0822754	3642.0822754	3678.6201172	3605.4335938
3659.6101074	3659.057373	3645.057373	3680.280029	3584.7255859
3662.5900879	3662.032471	3648.032471	3681.9299316	3606.38501
3665.5800781	3665.017334	3651.017334	3683.5800781	3617.453369
3671.540039	3670.9672852	3656.9672852	3686.8798828	3606.38501
3674.52002	3673.9423828	3659.9423828	3688.540039	3584.11377
3677.5	3676.91748	3662.91748	3690.2	3584.6286621
3680.47998	3679.892334	3665.892334	3691.8500977	3605.3430176
3686.4399414	3685.842529	3671.842529	3695.1499023	3606.38501
3689.4199219	3688.8164063	3674.8164063	3696.8100586	3582.848877
3692.4	3691.7893066	3677.7893066	3698.459961	3603.7138672
3695.3898926	3694.7719727	3680.7719727	3700.1101074	3614.7739258
3698.3701172	3697.7451172	3683.7451172	3701.76001	3604.0090332
3701.3500977	3700.7177734	3686.7177734	3703.4299316	3560.4938965
3704.3400879	3703.7006836	3689.7006836	3705.0800781	3615.2963867
3707.3200684	3706.67334	3692.67334	3706.72998	3603.7138672
3710.3	3709.64624	3695.64624	3708.3798828	3603.1931152
3716.1101074	3715.4423828	3701.4423828	3711.97998	3220.144043
3719.25	3718.5744629	3704.5744629	3712.9399414	6524.4902344
3721.9199219	3721.237793	3707.237793	3715.5800781	2017.599609
3725.219971	3724.529541	3710.529541	3716.25	9826.8828125
3728.2	3727.5019531	3713.5019531	3717.9	3603.3718262
3731.1799316	3730.474609	3716.474609	3719.5600586	3580.60498
3734.1699219	3733.4570313	3719.4570313	3721.209961	3615.4753418
3737.1499023	3736.4294434	3722.4294434	3722.8601074	3602.8510742
3742.969971	3742.2351074	3728.2351074	3726.459961	3225.385498
3746.1	3745.356689	3731.356689	3727.4299316	6437.0517578
3748.77002	3748.018311	3734.018311	3730.0600586	2023.827881
3752.0700684	3751.3078613	3737.3078613	3730.72998	9820.7197266
3757.8798828	3757.099609	3743.099609	3734.3300781	3217.4707031
3761.02002	3760.22998	3746.22998	3735.290039	6522.349609
3763.7	3762.9013672	3748.9013672	3737.9299316	2024.076416
3766.99	3766.1811523	3752.1811523	3738.6	9787.4482422
3769.97998	3769.1618652	3755.1618652	3740.25	3612.685791
3772.959961	3772.1325684	3758.1325684	3741.9099121	3579.387207
3775.9499512	3775.1130371	3761.1130371	3743.5600586	3612.685791
3778.9399414	3778.0932617	3764.0932617	3745.209961	3612.5522461
3781.9199219	3781.0629883	3767.0629883	3746.8601074	3599.5844727
3787.72998	3786.8532715	3772.8532715	3750.459961	3216.9189453
3790.8798828	3789.9924316	3775.9924316	3751.4299316	6471.6821289
3793.5500488	3792.6535645	3778.6535645	3754.0600586	2023.630249
3796.8500977	3795.9423828	3781.9423828	3754.72998	9817.9726563
3799.8400879	3798.922119	3784.922119	3756.3898926	3590.4057617
3802.8200684	3801.89209	3787.89209	3758.040039	3599.5844727
3805.8100586	3804.8718262	3790.8718262	3759.6899414	3611.675293
3811.6298828	3810.671875	3796.671875	3763.290039	3222.3259277
3814.77002	3813.80127	3799.80127	3764.6599121	4568.6796875
3817.4399414	3816.4621582	3802.4621582	3766.9	2375.79834
3820.74	3819.7509766	3805.7509766	3767.959961	6203.8461914
3823.719971	3822.719971	3808.719971	3769.6101074	3598.7160645
3826.709961	3825.6989746	3811.6989746	3771.26001	3611.2426758
3829.7	3828.6779785	3814.6779785	3772.9199219	3589.4570313
3832.6799316	3831.6469727	3817.6469727	3774.5700684	3598.6330566
3838.6599121	3837.6052246	3823.6052246	3777.8798828	3600.0576172
3841.6398926	3840.5742188	3826.5742188	3779.530029	3598.6330566
3844.6298828	3843.5532227	3829.5532227	3781.1899414	3589.4570313
3850.4499512	3849.3518066	3835.3518066	3784.790039	3221.39624
3853.5900879	3852.4797363	3838.4797363	3785.74	6586.14209
3856.280029	3855.15918	3841.15918	3788.3898926	2022.1616211
3859.5700684	3858.436279	3844.436279	3789.0600586	9779.6367188
3862.5500488	3861.404541	3847.404541	3790.709961	3598.2375488
3865.540039	3864.3828125	3850.3828125	3792.3601074	3609.80249
3868.530029	3867.361084	3853.361084	3794.01001	3610.3239746
3871.52002	3870.3393555	3856.3393555	3795.6699219	3588.0285645
3874.5	3873.3076172	3859.3076172	3797.3200684	3597.7177734
3877.49	3876.2858887	3862.2858887	3798.969971	3610.3239746
3880.47998	3879.2634277	3865.2634277	3800.6201172	3608.791748
3883.469971	3882.24	3868.24	3802.280029	3586.513916
3886.459961	3885.2165527	3871.2165527	3803.9399414	3585.998779
3892.4399414	3891.1696777	3877.1696777	3807.24	3608.02124
3895.4199219	3894.13623	3880.13623	3808.8898926	3596.2021484
3898.4099121	3897.112793	3883.112793	3810.540039	3607.760498
3901.4	3900.0893555	3886.0893555	3812.2	3585.998779
3907.3798828	3906.04248	3892.04248	3815.51001	3597.105957
3910.3701172	3909.017334	3895.017334	3817.1599121	3606.0869141
3913.3601074	3911.991211	3897.991211	3818.8200684	3582.8774414
3916.3601074	3914.9753418	3900.9753418	3820.469971	3617.2102051
3922.3400879	3920.92334	3906.92334	3823.77002	3604.6201172
3925.3300781	3923.8972168	3909.8972168	3825.4199219	3605.1411133
3928.3200684	3926.8710938	3912.8710938	3827.0800781	3582.8774414
3931.3100586	3929.8452148	3915.8452148	3828.74	3583.39209
3934.3100586	3932.8291016	3918.8291016	3830.3898926	3616.6875
3937.3	3935.8022461	3921.8022461	3832.040039	3603.60791
3940.290039	3938.7744141	3924.7744141	3833.6899414	3602.8125
3943.290039	3941.7563477	3927.7563477	3835.3500977	3592.550293
3949.1201172	3947.5515137	3933.5515137	3838.9499512	3219.616699
3952.27002	3950.682373	3936.682373	3839.9099121	6522.1899414
3954.969971	3953.366211	3939.366211	3842.5500488	2033.1461182
3958.25	3956.626709	3942.626709	3843.219971	9733.05957
3961.25	3959.6083984	3945.6083984	3844.8701172	3614.116699
3964.24	3962.578125	3948.578125	3846.52002	3600.0026855
3967.24	3965.5578613	3951.5578613	3848.1699219	3612.0546875
3970.24	3968.5375977	3954.5375977	3849.8300781	3589.23291
3973.22998	3971.5073242	3957.5073242	3851.47998	3600.0026855
3976.22998	3974.487061	3960.487061	3853.1398926	3590.26416
3979.219971	3977.4567871	3963.4567871	3854.790039	3599.482666
3982.219971	3980.436279	3966.436279	3856.4399414	3612.0546875
3985.219971	3983.4160156	3969.4160156	3858.1	3589.23291
3988.209961	3986.3857422	3972.3857422	3859.75	3600.0026855
3991.209961	3989.3654785	3975.3654785	3861.4	3612.0546875
3994.2	3992.3352051	3978.3352051	3863.0500488	3599.482666
3997.2	3995.3134766	3981.3134766	3864.7	3610.3630371
4000.2	3998.29126	3984.29126	3866.3701172	3565.4377441
4003.2	4001.269043	3987.269043	3868.02002	3609.7480469
4006.1899414	4004.237061	3990.237061	3869.6699219	3597.7036133
4012.030029	4010.0336914	3996.0336914	3873.27002	3220.35791
4015.1899414	4013.17041	3999.17041	3874.22998	6535.26123
4017.8798828	4015.840332	4001.840332	3876.8701172	2022.5534668
4021.1799316	4019.1159668	4005.1159668	3877.530029	9926.9541016
4024.1799316	4022.0917969	4008.0917969	3879.1899414	3585.686279
4027.1799316	4025.0668945	4011.0668945	3880.8500977	3584.3117676
4030.1899414	4028.052002	4014.052002	3882.5	3618.61792
4036.040039	4033.85376	4019.85376	3886.1	3223.0505371
4039.1899414	4036.977539	4022.977539	3887.0500488	6575.8164063
4041.8798828	4039.6452637	4025.6452637	3889.7	2013.5080566
4045.1899414	4042.9279785	4028.9279785	3890.3701172	9796.1572266
4048.1899414	4045.9030762	4031.9030762	3892.02002	3606.5842285
4051.1899414	4048.878418	4034.878418	3893.6699219	3606.7636719
4054.1899414	4051.855957	4037.855957	3895.3300781	3586.6101074
4057.1899414	4054.8334961	4040.8334961	3896.97998	3609.415039
4060.1799316	4057.8010254	4043.8010254	3898.6298828	3597.3718262
4066.1799316	4063.7561035	4049.7561035	3901.9299316	3609.1542969
4069.1799316	4066.7336426	4052.7336426	3903.6	3565.1086426
4072.1799316	4069.7111816	4055.7111816	3905.25	3609.415039
4075.1699219	4072.678711	4058.678711	3906.9	3597.45459
4078.1699219	4075.657471	4061.657471	3908.5500488	3610.3527832
4081.1699219	4078.63623	4064.63623	3910.2	3610.8745117
4084.1599121	4081.60498	4067.60498	3911.8601074	3576.602051
4087.1599121	4084.58374	4070.58374	3913.51001	3610.3527832
4090.1599121	4087.5622559	4073.5622559	3915.1599121	3610.8745117
4093.1599121	4090.5410156	4076.5410156	3916.8200684	3588.575439
4096.1499023	4093.5097656	4079.5097656	3918.469971	3598.826416
4101.9902344	4099.3085938	4085.3088379	3922.0700684	3221.4978027
4105.1401367	4102.4365234	4088.436279	3923.4299316	4599.5444336
4107.8300781	4105.1083984	4091.1081543	3925.6699219	2385.6447754
4111.1298828	4108.38623	4094.38623	3926.74	6127.3320313
4116.97998	4114.1982422	4100.1982422	3930.3400879	3228.65918
4120.1201172	4117.3178711	4103.3178711	3931.3	6498.3481445
4122.8300781	4120.0097656	4106.0097656	3933.9499512	2032.0233154
4128.9501953	4126.0898438	4112.0898438	3936.5500488	4676.6005859
4132.1	4129.2192383	4115.2192383	3937.51001	6520.1767578
4134.790039	4131.8916016	4117.8916016	3940.1499023	2024.663208
4138.0898438	4135.168457	4121.168457	3940.8200684	9779.5458984
4141.0898438	4138.147949	4124.147949	3942.47998	3589.2714844
4144.0898438	4141.1269531	4127.1269531	3944.1298828	3611.574707
4147.0800781	4144.09668	4130.09668	3945.780029	3599.2980957
4150.0800781	4147.0761719	4133.0761719	3947.4299316	3611.574707
4153.0800781	4150.0551758	4136.0551758	3949.0900879	3589.2714844
4158.9199219	4155.85498	4141.85498	3952.6899414	3222.0664063
4162.0600586	4158.9731445	4144.9731445	3953.6499023	6496.0351563
4164.77002	4161.6640625	4147.6640625	3956.290039	2038.4284668
4168.0600586	4164.929199	4150.929199	3956.959961	9747.2373047
4173.9101563	4170.7348633	4156.7348633	3960.5600586	3225.321289
4177.0600586	4173.86084	4159.86084	3961.51001	6582.1015625
4179.7597656	4176.540039	4162.540039	3964.1599121	2022.0598145
4183.0498047	4179.8051758	4165.8051758	3964.8300781	9743.7705078
4189.0498047	4185.7597656	4171.7597656	3968.1298828	3609.1254883
4192.0498047	4188.7373047	4174.7373047	3969.780029	3608.6040039
4195.0498047	4191.7138672	4177.7138672	3971.4299316	3608.6296387
4198.040039	4194.6811523	4180.6811523	3973.0900879	3573.929199
4201.040039	4197.6577148	4183.6577148	3974.74	3608.3996582
4204.040039	4200.6342773	4186.6342773	3976.4	3586.6311035
4207.040039	4203.61084	4189.61084	3978.0500488	3607.878418
4210.040039	4206.587891	4192.587891	3979.709961	3586.6311035
4213.040039	4209.5644531	4195.5644531	3981.3601074	3607.3571777
4219.040039	4215.5175781	4201.5175781	3984.6599121	3608.3996582
4222.0297852	4218.4868164	4204.4868164	3986.3100586	3598.7902832
4227.8598633	4224.2792969	4210.2792969	3989.9099121	3218.12085
4231.02002	4227.4189453	4213.4189453	3990.8798828	6474.4633789
4233.7001953	4230.0820313	4216.0820313	3993.52002	2017.1348877
4237.0097656	4233.3701172	4219.3701172	3994.1799316	9965.1005859
4240.0097656	4236.3505859	4222.3505859	3995.8400879	3590.8811035
4243	4239.3217773	4225.3217773	3997.49	3601.4326172
4246	4242.3022461	4228.3022461	3999.1398926	3613.1943359
4248.9902344	4245.2734375	4231.2734375	4000.3601074	4869.4633789
4251.97998	4248.2436523	4234.2436523	4001.5803223	4868.5439453
4254.97998	4251.2241211	4237.2241211	4002.8	4886.89502
4257.97998	4254.20459	4240.20459	4004.0102539	4925.4047852
4260.9702148	4257.175293	4243.175293	4005.219971	4911.306641
4266.7998047	4262.9667969	4248.9667969	4008.3898926	3653.921875
4272.6401367	4268.7685547	4254.7685547	4011.5500488	3672.255127
4278.6499023	4274.737793	4260.737793	4013.1496582	7462.2836914
4284.9399414	4280.980957	4266.980957	4013.280029	95922.0546875
4287.9399414	4283.9589844	4269.9589844	4014.4902344	4921.0458984
4290.9399414	4286.9365234	4272.9365234	4015.709961	4882.5698242
4293.9301758	4289.9047852	4275.9047852	4016.9301758	4864.7744141
4296.9301758	4292.8823242	4278.8823242	4018.1499023	4882.5698242
4302.9301758	4298.837891	4284.837891	4020.5703125	4921.0458984
4305.9301758	4301.81543	4287.81543	4021.790039	4882.102539
4308.9199219	4304.7827148	4290.7827148	4023.0097656	4865.1572266
4314.9199219	4310.7373047	4296.7373047	4025.4396973	4901.00293
4320.77002	4316.5429688	4302.5429688	4028.6	3674.0388184
4326.6	4322.3291016	4308.3291016	4031.7702637	3650.4506836
4332.9101563	4328.5913086	4314.5913086	4031.9	96566.75
4335.9101563	4331.5688477	4317.5688477	4033.1101074	4920.3129883
4341.9101563	4337.5234375	4323.5234375	4035.5500488	4880.88916
4344.9	4340.4907227	4326.4907227	4036.7597656	4905.428711
4347.9	4343.4677734	4329.4677734	4037.97998	4879.8671875
4350.9	4346.4448242	4332.4448242	4039.199707	4881.772461
4353.9	4349.4223633	4335.4223633	4040.4101563	4920.2421875
4359.75	4355.2280273	4341.2280273	4043.5800781	3662.9326172
4362.9	4358.3540039	4344.3540039	4044.050293	13297.7138672
4365.5800781	4361.01416	4347.01416	4046.74	1977.7163086
4371.8901367	4367.2763672	4353.2763672	4047.709961	12913.3603516
4374.8901367	4370.2543945	4356.2543945	4048.920166	4921.75293
4377.8798828	4373.224609	4359.224609	4050.1298828	4910.434082
4380.8798828	4376.2050781	4362.2050781	4051.3601074	4845.1542969
4383.8701172	4379.1757813	4365.1757813	4052.5698242	4911.23584
4386.8701172	4382.1557617	4368.1557617	4053.790039	4884.915039
4389.8598633	4385.1259766	4371.1259766	4055	4910.434082
4392.8598633	4388.1064453	4374.1064453	4056.219971	4884.915039
4395.8500977	4391.0771484	4377.0771484	4057.4396973	4870.9169922
4401.8500977	4397.0375977	4383.0375977	4059.8603516	4925.3339844
4404.8398438	4400.0092773	4386.0092773	4061.0800781	4872.15332
4407.8300781	4402.9819336	4388.9819336	4062.300293	4872.3144531
4410.8300781	4405.9643555	4391.9643555	4063.52002	4890.1376953
4413.8198242	4408.9365234	4394.9365234	4064.7302246	4911.8271484
4416.8100586	4411.90918	4397.90918	4065.9399414	4914.56543
4422.6401367	4417.7050781	4403.7050781	4069.1098633	3656.652832
4428.47998	4423.5102539	4409.5102539	4072.27002	3674.3847656
4434.77002	4429.7666016	4415.7666016	4072.4001465	96116.078125
4440.5898438	4435.5581055	4421.5581055	4075.5600586	3665.7141113
4446.4199219	4441.3603516	4427.3603516	4078.7302246	3660.572998
4452.5498047	4447.4609375	4433.4609375	4079.590332	14183.4326172
4458.3798828	4453.2626953	4439.2626953	4082.7597656	3661.1235352
4464.6699219	4459.5244141	4445.5244141	4082.9001465	89331
4467.6601563	4462.5014648	4448.5014648	4084.1103516	4919.5351563
4470.6499023	4465.477539	4451.477539	4085.3200684	4920.67041
4473.6401367	4468.45459	4454.45459	4086.5402832	4879.1635742
4479.4501953	4474.2382813	4460.2382813	4089.699707	3661.335449
4485.2797852	4480.0419922	4466.0419922	4092.8601074	3672.5351563
4491.5698242	4486.3061523	4472.3061523	4093	89674.109375
4494.5600586	4489.2851563	4475.2851563	4094.2202148	4882.5473633
4497.540039	4492.2539063	4478.2539063	4095.4299316	4908
4500.5297852	4495.2324219	4481.2324219	4096.6499023	4881.75
4503.52002	4498.2114258	4484.2114258	4097.8598633	4924.8867188
4506.5	4501.1796875	4487.1796875	4099.0800781	4865.804199
4509.4902344	4504.1586914	4490.1586914	4100.2998047	4884.4560547
4512.47998	4507.137207	4493.137207	4101.5097656	4924.08252
4515.459961	4510.105957	4496.105957	4102.7202148	4904.1328125
4518.4501953	4513.085449	4499.085449	4103.9399414	4885.2568359
4521.4399414	4516.0649414	4502.0649414	4105.1601563	4883.4
4524.4199219	4519.034668	4505.034668	4106.3798828	4869.352051
4527.4101563	4522.01416	4508.01416	4107.5898438	4926.5517578
4530.3901367	4524.9838867	4510.9838867	4108.7998047	4907.7236328
4533.3798828	4527.9633789	4513.9633789	4110.02002	4883.4
4539.1899414	4533.753418	4519.753418	4113.1801758	3664.5598145
4545.02002	4539.5634766	4525.5634766	4116.3500977	3665.5710449
4551.290039	4545.81543	4531.81543	4116.47998	96407.765625
4554.2797852	4548.796875	4534.796875	4117.7001953	4886.7827148
4557.2597656	4551.7685547	4537.7685547	4118.9101563	4911.1230469
4560.25	4554.7504883	4540.7504883	4120.1298828	4889.491699
4563.22998	4557.7226563	4543.7226563	4121.3500977	4870.820801
4566.209961	4560.6943359	4546.6943359	4122.5600586	4913.059082
4569.2001953	4563.67627	4549.67627	4123.7797852	4889.491699
4572.1801758	4566.647949	4552.647949	4124.9902344	4909.1889648
4575.1601563	4569.6196289	4555.6196289	4126.2001953	4912.94043
4578.1499023	4572.599609	4558.599609	4127.4301758	4846.7109375
4581.1298828	4575.5703125	4561.5703125	4128.6401367	4908.9199219
4584.1201172	4578.5507813	4564.5507813	4129.8598633	4887.29834
4587.1098633	4581.5307617	4567.5307617	4131.0698242	4926.9482422
4590.0898438	4584.5014648	4570.5014648	4132.2797852	4908.9199219
4593.0800781	4587.4819336	4573.4819336	4133.5097656	4847.5024414
4596.0600586	4590.4526367	4576.4526367	4134.7202148	4906.9863281
4599.0498047	4593.4326172	4579.4326172	4135.9399414	4886.5
4602.0297852	4596.402832	4582.402832	4137.1499023	4910.85498
4605.02002	4599.3847656	4585.3847656	4138.3701172	4887.1743164
4610.97998	4605.3286133	4591.3286133	4140.7998047	4892.300293
4613.9702148	4608.3110352	4594.3110352	4142.0097656	4930.4194336
4619.9301758	4614.2548828	4600.2548828	4144.4501953	4871.2705078
4622.9199219	4617.2368164	4603.2368164	4145.6699219	4889.1445313
4628.7402344	4623.0415039	4609.0415039	4148.8300781	3673.9094238
4634.5498047	4628.8344727	4614.8344727	4151.9902344	3665.9208984
4640.8300781	4635.09375	4621.09375	4152.1201172	96520.1640625
4643.8100586	4638.0639648	4624.0639648	4153.3398438	4869.9140625
4646.7998047	4641.0439453	4627.0439453	4154.5498047	4926.315918
4649.7797852	4644.0136719	4630.0136719	4155.77002	4868.01123
4652.77002	4646.9956055	4632.9956055	4156.9902344	4886.9389648
4655.75	4649.9677734	4635.9677734	4158.2001953	4911.9863281
4658.72998	4652.9399414	4638.9399414	4159.4199219	4873.5810547
4661.7202148	4655.9223633	4641.9223633	4160.6401367	4888.4399414
4664.7001953	4658.8945313	4644.8945313	4161.8500977	4913.9223633
4667.6801758	4661.8671875	4647.8671875	4163.0698242	4873.5810547
4673.5	4667.671875	4653.671875	4166.22998	3673.3532715
4679.3100586	4673.4667969	4659.4667969	4169.4	3656.5622559
4685.4301758	4679.5698242	4665.5698242	4170.2597656	14189.994141
4688.5698242	4682.7006836	4668.7006836	4170.75	12774.5888672
4691.2402344	4685.36377	4671.36377	4173.4199219	1994.9248047
4697.52002	4691.6264648	4677.6264648	4174.3901367	12907.4189453
4700.5	4694.5981445	4680.5981445	4175.6	4913.059082
4703.4902344	4697.5800781	4683.5800781	4176.8300781	4847.79834
4706.4702148	4700.5517578	4686.5517578	4178.040039	4913.059082
4709.459961	4703.53418	4689.53418	4179.25	4930.5288086
4715.27002	4709.3300781	4695.3300781	4182.4199219	3656.7490234
4721.0898438	4715.1357422	4701.1357422	4185.5800781	3673.947998
4727.3500977	4721.380859	4707.380859	4185.709961	96300.53125
4730.3398438	4724.3632813	4710.3632813	4186.9199219	4930.82373
4733.3198242	4727.3359375	4713.3359375	4188.1499023	4832.8061523
4736.2998047	4730.309082	4716.309082	4189.3598633	4914.7978516
4739.2797852	4733.2822266	4719.2822266	4190.5800781	4873.2504883
4742.27002	4736.265625	4722.265625	4191.790039	4930.4804688
4748.22998	4742.2119141	4728.2119141	4194.22998	4874.203125
4751.209961	4745.1850586	4731.1850586	4195.4399414	4915.5097656
4754.2001953	4748.1689453	4734.1689453	4196.6601563	4890.019043
4757.1801758	4751.14209	4737.14209	4197.8701172	4913.5732422
4760.1601563	4754.1157227	4740.1157227	4199.0898438	4875.9418945
4763.1401367	4757.0898438	4743.0898438	4200.3100586	4874.3344727
4768.959961	4762.897461	4748.897461	4203.4702148	3675.912109
4774.77002	4768.695801	4754.695801	4206.6401367	3658.1516113
4781.0297852	4774.9428711	4760.9428711	4206.7597656	104389.4375
4784.02002	4777.9267578	4763.9267578	4207.97998	4891.1069336
4787	4780.9008789	4766.9008789	4209.1899414	4916.6030273
4789.97998	4783.8745117	4769.8745117	4210.4199219	4834.659668
4792.959961	4786.8486328	4772.8486328	4211.6298828	4916.6030273
4798.9199219	4792.7963867	4778.7963867	4214.0600586	4895.37793
4801.9101563	4795.7802734	4781.7802734	4218.0600586	1491.9946289
4802	4795.8701172	4781.8701172	4218.1899414	1382.5828857
