MD (m)	TVD (m)	TVDSS (m)	TWT ( ms )	Vint (m/s)
25	25	0	0	1500
25.19	25.19	0.19	1.2	316.665649
28.07	28.07	3.07	60.18	97.6601944
28.85	28.85	3.85	61.2	1529.4151611
34.21	34.21	9.21	68.18	1535.8156738
61.84	61.84	36.84	104.18	1535
64.91	64.91	39.91	108.18	1535.0030518
95.61	95.61	70.61	148.18	1535
98.68	98.68	73.68	152.18	1535.0050049
101.75	101.75	76.75	156.18	1534.994751
129.38	129.38	104.38	192.18	1535
132.46	132.46	107.46	196.18	1540.001221
147.81	147.81	122.81	216.18	1535
150.88	150.88	125.88	220.18	1535.0028076
153.95	153.95	128.95	224.18	1534.9902344
157.02	157.02	132.02	228.18	1535.0098877
160.09	160.09	135.09	232.18	1534.9901123
163.16	163.16	138.16	236.18	1535.01001
166.23	166.23	141.23	240.18	1534.9957275
169.3	169.3	144.3	244.18	1535.0045166
184.65	184.65	159.65	264.18	1534.9980469
187.72	187.72	162.72	268.18	1535.00769
190.79	190.79	165.79	272.18	1534.9984131
193.86	193.86	168.86	276.18	1534.9960938
196.93	196.9299774	171.9299774	280.18	1534.989502
200	200	175	284.18	1535.0166016
203.07	203.0700226	178.0700226	288.18	1535.005249
218.42	218.4200134	193.4200134	308.18	1534.9980469
221.49	221.49	196.49	312.18	1535.0068359
224.56	224.5600128	199.5600128	316.18	1535
230.7	230.7	205.7	324.18	1534.9920654
233.77	233.77	208.77	328.18	1535.0174561
236.84	236.84	211.84	332.18	1534.98877
239.91	239.91	214.91	336.18	1535.0061035
242.98	242.98	217.98	340.18	1535
246.05	246.0500183	221.0500183	344.18	1535.0063477
252.19	252.1899872	227.1899872	352.18	1534.9915771
255.26	255.26	230.26	356.18	1535.0117188
258.3299866	258.3299866	233.3299866	360.18	1534.9884033
261.4	261.4	236.4	364.18	1535.0065918
264.47	264.47	239.47	368.18	1534.9943848
267.54	267.54	242.54	372.18	1535.0181885
270.6099854	270.6099854	245.6099854	376.18	1534.9821777
273.68	273.68	248.6799774	380.18	1534.994141
276.75	276.75	251.75	384.18	1535.0184326
279.82	279.82	254.8200226	388.18	1535.00708
282.8900146	282.8900146	257.8900146	392.18	1534.9940186
285.96	285.96	260.96	396.18	1534.9819336
289.03	289.03	264.03	400.18	1535.0186768
292.1	292.1	267.1	404.18	1534.9937744
295.1700134	295.1700134	270.1700134	408.18	1535.0074463
298.24	298.24	273.24	412.18	1534.9818115
301.31	301.31	276.31	416.18	1535.0119629
310.519989	310.519989	285.519989	428.18	1535
313.59	313.59	288.59	432.18	1534.9932861
316.66	316.66	291.66	436.18	1535.0079346
319.730011	319.730011	294.730011	440.18	1534.9931641
325.87	325.87	300.87	448.18	1535
328.9500122	328.9500122	303.9500122	452.18	1540.0053711
332.019989	332.019989	307.019989	456.18	1534.9891357
335.09	335.09	310.09	460.18	1535.00415
338.16	338.16	313.16	464.18	1535.0084229
341.230011	341.230011	316.230011	468.18	1534.9925537
353.51001	353.51001	328.51001	484.18	1535
356.5799866	356.5799866	331.5799866	488.18	1534.9925537
359.65	359.65	334.65	492.18	1535.0089111
362.72	362.72	337.72	496.18	1534.9920654
365.79	365.79	340.79	500.18	1535.0090332
368.8599854	368.8599854	343.8599854	504.1800232	1534.980957
378.07	378.07	353.07	516.18	1535.0081787
384.21	384.21	359.21	524.18	1534.9907227
387.28	387.28	362.28	528.18	1535.0095215
390.35	390.35	365.35	532.18	1534.9914551
393.4200134	393.4200134	368.4200134	536.18	1535.0097656
396.49	396.49	371.49	540.18	1535.00354
405.7	405.7	380.7	552.18	1535
411.84	411.84	386.84	560.18	1534.9904785
414.91	414.91	389.91	564.18	1535.0102539
417.980011	417.980011	392.980011	568.18	1535.0136719
421.0499878	421.0499878	396.0499878	572.18	1534.9902344
430.26001	430.26001	405.26001	584.18	1535
433.3299866	433.3299866	408.3299866	588.18	1534.9802246
436.4	436.4	411.4	592.18	1535.0107422
439.47	439.47	414.47	596.18	1534.9903564
442.54	442.54	417.54	600.18	1535.0336914
445.6099854	445.6099854	420.6099854	604.18	1534.9801025
457.8900146	457.8900146	432.8900146	620.18	1535
460.96	460.96	435.96	624.18	1534.9798584
464.03	464.03	439.03	628.18	1535.03418
467.1	467.1	442.1	632.18	1534.989624
470.1700134	470.1700134	445.1700134	636.18	1535.0114746
476.31	476.31	451.31	644.18	1534.9901123
482.4500122	482.4500122	457.4500122	652.18	1535
485.519989	485.519989	460.519989	656.18	1535.0137939
488.59	488.59	463.59	660.18	1534.9891357
491.66	491.66	466.66	664.18	1535.0119629
494.730011	494.730011	469.730011	668.18	1534.9890137
497.8	497.8	472.8	672.18	1534.9910889
510.0799866	510.0799866	485.0799866	688.18	1535
513.1500244	513.1500244	488.1500244	692.18	1535.0217285
516.219971	516.219971	491.219971	696.18	1534.9700928
522.3599854	522.3599854	497.3599854	704.18	1535
525.44	525.44	500.44	708.18	1540.0053711
528.51001	528.51001	503.51001	712.18	1535
531.5800171	531.5800171	506.5800171	716.18	1535.0234375
534.6500244	534.6500244	509.6500244	720.18	1535
537.719971	537.719971	512.719971	724.18	1534.9700928
559.210022	559.210022	534.210022	752.18	1535.0037842
562.280029	562.280029	537.280029	756.18	1535
565.3499756	565.3499756	540.3499756	760.18	1534.9700928
574.56	574.56	549.56	772.18	1535
577.63	577.63	552.63	776.18	1535.0234375
589.9099731	589.9099731	564.9099731	792.18	1534.99292
596.0499878	596.0499878	571.0499878	800.18	1535
599.12	599.12	574.12	804.18	1535.0234375
611.4	611.4	586.4	820.18	1535
614.469971	614.469971	589.469971	824.18	1534.9700928
632.8900146	632.8900146	607.8900146	848.18	1535.0043945
639.030029	639.030029	614.030029	856.18	1535
642.1	642.1	617.1	860.18	1534.9700928
645.1699829	645.1699829	620.1699829	864.18	1535.0234375
663.5900269	663.5900269	638.5900269	888.18	1535
666.6599731	666.6599731	641.6599731	892.18	1534.99292
685.0800171	685.0800171	660.0800171	916.18	1535
688.1500244	688.1500244	663.1500244	920.18	1535.0234375
691.219971	691.219971	666.219971	924.18	1534.9700928
709.6400146	709.6400146	684.6400146	948.18	1535
712.710022	712.710022	687.710022	952.18	1535.0234375
715.780029	715.780029	690.780029	956.18	1535
718.8499756	718.8499756	693.8499756	960.18	1534.9700928
721.93	721.93	696.93	964.18	1540.0053711
734.210022	734.210022	709.210022	980.18	1535.0062256
737.280029	737.280029	712.280029	984.18	1535
740.3499756	740.3499756	715.3499756	988.18	1534.9700928
749.56	749.56	724.56	1000.18	1535
752.63	752.63	727.63	1004.1799316	1535.0234375
755.7	755.7	730.7	1008.18	1534.9776611
758.77002	758.77002	733.77002	1012.18	1535.0234375
761.8400269	761.8400269	736.8400269	1016.1800537	1534.9776611
764.9099731	764.9099731	739.9099731	1020.18	1534.99292
767.97998	767.97998	742.97998	1024.1800537	1534.9776611
771.0499878	771.0499878	746.0499878	1028.1800537	1535.0234375
774.12	774.12	749.12	1032.1800537	1534.9776611
777.19	777.19	752.19	1036.1800537	1535.0234375
780.26001	780.26001	755.26001	1040.1800537	1534.9776611
783.3300171	783.3300171	758.3300171	1044.1800537	1535.0234375
786.4	786.4	761.4	1048.1800537	1534.9776611
789.469971	789.469971	764.469971	1052.1800537	1534.99292
792.539978	792.539978	767.539978	1056.1800537	1535.0234375
795.6099854	795.6099854	770.6099854	1060.1800537	1534.9776611
798.68	798.68	773.68	1064.1800537	1535.0234375
801.75	801.75	776.75	1068.1800537	1534.9776611
804.82	804.82	779.82	1072.1800537	1535.0234375
807.8900146	807.8900146	782.8900146	1076.1800537	1534.9776611
814.030029	814.030029	789.030029	1084.1800537	1535.0234375
817.1	817.1	792.1	1088.1800537	1534.9471436
820.1699829	820.1699829	795.1699829	1092.1800537	1535.0234375
823.24	823.24	798.24	1096.1800537	1534.9776611
826.31	826.31	801.31	1100.1800537	1535.0234375
829.38	829.38	804.38	1104.1800537	1534.9776611
835.52002	835.52002	810.52002	1112.1800537	1535.0234375
838.5900269	838.5900269	813.5900269	1116.1800537	1534.9776611
844.72998	844.72998	819.72998	1124.1800537	1534.9853516
850.87	850.87	825.87	1132.1800537	1535
853.94	853.94	828.94	1136.1800537	1535.0234375
857.01001	857.01001	832.01001	1140.1800537	1534.9776611
863.1500244	863.1500244	838.1500244	1148.1800537	1535.0234375
866.219971	866.219971	841.219971	1152.1800537	1534.9471436
869.289978	869.289978	844.289978	1156.1800537	1535.0234375
872.3599854	872.3599854	847.3599854	1160.1800537	1534.9776611
875.43	875.43	850.43	1164.1800537	1535.0234375
878.5	878.5	853.5	1168.1800537	1534.9776611
884.6400146	884.6400146	859.6400146	1176.1800537	1535.0234375
887.710022	887.710022	862.710022	1180.1800537	1534.9776611
890.780029	890.780029	865.780029	1184.1800537	1535.0234375
893.8499756	893.8499756	868.8499756	1188.1800537	1534.9471436
896.9199829	896.9199829	871.9199829	1192.1800537	1535.0234375
899.99	899.99	874.99	1196.1800537	1534.9776611
906.13	906.13	881.13	1204.1800537	1535.0234375
909.2	909.2	884.2	1208.1800537	1534.9776611
915.3400269	915.3400269	890.3400269	1216.1800537	1535
918.4099731	918.4099731	893.4099731	1220.1800537	1534.99292
921.47998	921.47998	896.47998	1224.1800537	1534.9776611
927.62	927.62	902.62	1232.1800537	1535.0234375
930.69	930.69	905.69	1236.1800537	1534.9776611
933.76001	933.76001	908.76001	1240.1800537	1535.0234375
936.8300171	936.8300171	911.8300171	1244.1800537	1534.9776611
939.9	939.9	914.9	1248.1800537	1535.0234375
942.969971	942.969971	917.969971	1252.1800537	1534.9471436
949.1099854	949.1099854	924.1099854	1260.1800537	1535.0234375
952.18	952.18	927.18	1264.1800537	1534.9776611
955.25	955.25	930.25	1268.1800537	1535.0234375
958.32	958.32	933.32	1272.1800537	1534.9776611
961.4	961.4	936.4	1276.1800537	1540.02832
964.469971	964.469971	939.469971	1280.1800537	1534.9471436
967.539978	967.539978	942.539978	1284.1800537	1535.0234375
970.6099854	970.6099854	945.6099854	1288.1800537	1534.9776611
973.68	973.68	948.68	1292.1800537	1535.0234375
979.82	979.82	954.82	1300.1800537	1535
982.8900146	982.8900146	957.8900146	1304.1800537	1535.0234375
985.960022	985.960022	960.960022	1308.1800537	1534.9776611
989.030029	989.030029	964.030029	1312.1800537	1535.0234375
992.1	992.1	967.1	1316.1800537	1534.9471436
998.24	998.24	973.24	1324.1800537	1535.0234375
1001.31	1001.31	976.31	1328.1800537	1534.9776611
1004.38	1004.38	979.38	1332.1800537	1535.0234375
1007.4500122	1007.4500122	982.4500122	1336.1800537	1534.9776611
1010.52002	1010.52002	985.52002	1340.1800537	1535.0234375
1013.5900269	1013.5900269	988.5900269	1344.1800537	1534.9776611
1016.6599731	1016.6599731	991.6599731	1348.1800537	1534.99292
1022.8	1022.8	997.8	1356.1800537	1535
1025.87	1025.87	1000.87	1360.1800537	1535.0234375
1028.9399414	1028.9399414	1003.9399414	1364.1800537	1534.9471436
1035.0799561	1035.0799561	1010.0799561	1372.1800537	1535
1041.219971	1041.219971	1016.219971	1380.1800537	1535.0234375
1044.290039	1044.290039	1019.290039	1384.1800537	1535.0081787
1047.3599854	1047.3599854	1022.3599854	1388.1800537	1534.99292
1050.4300537	1050.4300537	1025.4300537	1392.1800537	1535.0081787
1053.5	1053.5	1028.5	1396.1800537	1534.99292
1056.5699463	1056.5699463	1031.5699463	1400.1800537	1534.9471436
1059.6400146	1059.6400146	1034.6400146	1404.1800537	1535.0539551
1062.709961	1062.709961	1037.709961	1408.1800537	1534.99292
1065.780029	1065.780029	1040.780029	1412.1800537	1535.0081787
1068.8499756	1068.8499756	1043.8499756	1416.1800537	1534.99292
1071.9200439	1071.9200439	1046.9200439	1420.1800537	1535.0081787
1074.99	1074.99	1049.99	1424.1800537	1534.99292
1078.0600586	1078.0600586	1053.0600586	1428.1800537	1535.0081787
1084.2	1084.2	1059.2	1436.1800537	1534.99292
1087.27002	1087.27002	1062.27002	1440.1800537	1535.0081787
1090.3399658	1090.3399658	1065.3399658	1444.1800537	1534.99292
1093.4100342	1093.4100342	1068.4100342	1448.1800537	1535.0081787
1096.47998	1096.47998	1071.47998	1452.1800537	1534.99292
1099.5500488	1099.5500488	1074.5500488	1456.1800537	1535.0081787
1102.62	1102.62	1077.62	1460.1800537	1534.99292
1105.6899414	1105.6899414	1080.6899414	1464.1800537	1534.9471436
1108.76001	1108.76001	1083.76001	1468.1800537	1535.0539551
1111.8299561	1111.8299561	1086.8299561	1472.1800537	1534.99292
1114.9	1114.9	1089.9	1476.1800537	1535.0081787
1117.969971	1117.969971	1092.969971	1480.1800537	1534.99292
1121.040039	1121.040039	1096.040039	1484.1800537	1535.0081787
1124.1099854	1124.1099854	1099.1099854	1488.1800537	1534.99292
1127.1800537	1127.1800537	1102.1800537	1492.1800537	1535.0081787
1133.3199463	1133.3199463	1108.3199463	1500.1800537	1534.99292
1136.3900146	1136.3900146	1111.3900146	1504.1800537	1535.0081787
1139.459961	1139.459961	1114.459961	1508.1800537	1534.99292
1142.530029	1142.530029	1117.530029	1512.1800537	1535.0081787
1148.6700439	1148.6700439	1123.6700439	1520.1800537	1535
1151.74	1151.74	1126.74	1524.1800537	1534.99292
1154.8100586	1154.8100586	1129.8100586	1528.1800537	1535.0539551
1157.88	1157.88	1132.88	1532.1800537	1534.9471436
1164.02002	1164.02002	1139.02002	1540.1800537	1535
1167.0899658	1167.0899658	1142.0899658	1544.1800537	1534.99292
1179.37	1179.37	1154.37	1560.1800537	1535
1182.4399414	1182.4399414	1157.4399414	1564.1800537	1534.99292
1185.51001	1185.51001	1160.51001	1568.1800537	1535.0081787
1188.5799561	1188.5799561	1163.5799561	1572.1800537	1534.99292
1191.6500244	1191.6500244	1166.6500244	1576.1800537	1535.0081787
1194.719971	1194.719971	1169.719971	1580.1800537	1534.99292
1197.790039	1197.790039	1172.790039	1584.1800537	1535.0539551
1200.8599854	1200.8599854	1175.8599854	1588.1800537	1534.9471436
1203.9300537	1203.9300537	1178.9300537	1592.1800537	1535.0539551
1207	1207	1182	1596.1800537	1534.9471436
1210.0699463	1210.0699463	1185.0699463	1600.1800537	1534.99292
1213.1400146	1213.1400146	1188.1400146	1604.1800537	1535.0081787
1219.280029	1219.280029	1194.280029	1612.1800537	1535.0234375
1222.3499756	1222.3499756	1197.3499756	1616.1800537	1534.9471436
1225.4200439	1225.4200439	1200.4200439	1620.1800537	1535.0539551
1228.49	1228.49	1203.49	1624.1800537	1534.9471436
1234.63	1234.63	1209.63	1632.1800537	1535
1237.709961	1237.709961	1212.709961	1636.1800537	1539.9978027
1240.780029	1240.780029	1215.780029	1640.1800537	1535.0081787
1243.8499756	1243.8499756	1218.8499756	1644.1800537	1534.99292
1246.9200439	1246.9200439	1221.9200439	1648.1800537	1535.0539551
1249.99	1249.99	1224.99	1652.1800537	1534.9471436
1253.0600586	1253.0600586	1228.0600586	1656.1800537	1535.0539551
1256.13	1256.13	1231.13	1660.1800537	1534.9471436
1262.27002	1262.27002	1237.27002	1668.1800537	1535
1265.3399658	1265.3399658	1240.3399658	1672.1800537	1534.99292
1268.4100342	1268.4100342	1243.4100342	1676.1800537	1535.0539551
1271.47998	1271.47998	1246.47998	1680.1800537	1534.9471436
1277.62	1277.62	1252.62	1688.1800537	1535
1280.6899414	1280.6899414	1255.6899414	1692.1800537	1534.99292
1283.76001	1283.76001	1258.76001	1696.1800537	1535.0081787
1286.8299561	1286.8299561	1261.8299561	1700.1800537	1534.99292
1289.9	1289.9	1264.9	1704.1800537	1535.0539551
1292.969971	1292.969971	1267.969971	1708.1800537	1534.9471436
1296.040039	1296.040039	1271.040039	1712.1800537	1535.0539551
1299.1099854	1299.1099854	1274.1099854	1716.1800537	1534.9471436
1302.1800537	1302.1800537	1277.1800537	1718.9200439	2241.0024414
1305.25	1305.25	1280.25	1722.02002	1980.5865479
1308.3199463	1308.3199463	1283.3199463	1725.1400146	1967.9486084
1311.3900146	1311.3900146	1286.3900146	1728.25	1974.2879639
1314.459961	1314.459961	1289.459961	1731.3499756	1980.66272
1317.530029	1317.530029	1292.530029	1734.459961	1974.2879639
1320.6	1320.6	1295.6	1737.5799561	1967.9486084
1323.6700439	1323.6700439	1298.6700439	1740.6800537	1980.5891113
1326.74	1326.74	1301.74	1743.790039	1974.2851563
1329.8100586	1329.8100586	1304.8100586	1746.9100342	1968.0268555
1333.76001	1333.76001	1308.76001	1750.9100342	1974.9421387
1335.9499512	1335.9499512	1310.9499512	1753.12	1981.9354248
1337.709961	1337.709961	1312.709961	1754.9100342	1966.4400635
1339.02002	1339.02002	1314.02002	1756.24	1969.9862061
1342.0899658	1342.0899658	1317.0899658	1759.3399658	1980.66272
1345.1600342	1345.1600342	1320.1600342	1762.4499512	1974.2879639
1348.22998	1348.22998	1323.22998	1765.5699463	1967.9486084
1351.3	1351.3	1326.3	1768.6700439	1980.5891113
1355.4	1355.4	1330.4	1772.6700439	2050.01416
1355.77002	1355.77002	1330.77002	1773.040039	1999.835083
1357.4399414	1357.4399414	1332.4399414	1775.26001	1504.4914551
1359.290039	1359.290039	1334.290039	1776.6700439	2624.0161133
1360.25	1360.25	1335.25	1777.4100342	2594.7272949
1360.51001	1360.51001	1335.51001	1778.37	541.6912842
1364.6099854	1364.6099854	1339.6099854	1782.37	2050.01416
1364.97998	1364.97998	1339.97998	1782.74	1999.835083
1366.6500244	1366.6500244	1341.6500244	1784.959961	1504.60144
1368.5	1368.5	1343.5	1786.37	2623.8430176
1369.459961	1369.459961	1344.459961	1787.1	2630.32373
1369.719971	1369.719971	1344.719971	1788.0699463	536.0993042
1372.790039	1372.7890625	1347.7890625	1791.1700439	1980.0646973
1375.8599854	1375.8580322	1350.8580322	1794.290039	1967.2169189
1378.9300537	1378.927124	1353.927124	1797.4	1973.7049561
1382	1381.9959717	1356.9959717	1800.5	1979.925659
1385.0799561	1385.0749512	1360.0749512	1803.6099854	1980.0616455
1388.1500244	1388.143921	1363.143921	1806.72998	1967.2950439
1391.219971	1391.212891	1366.212891	1809.8299561	1980.0018311
1394.290039	1394.2819824	1369.2819824	1812.9399414	1973.7049561
1397.3599854	1397.35083	1372.35083	1816.0600586	1967.1417236
1400.4300537	1400.4200439	1375.4200439	1819.1600342	1980.1730957
1404.38	1404.37	1379.37	1823.1600342	1974.9421387
1406.5699463	1406.5599365	1381.5599365	1825.38	1972.9953613
1408.3299561	1408.3199463	1383.3199463	1827.1600342	1977.502319
1409.6400146	1409.63	1384.63	1828.49	1969.9862061
1412.709961	1412.7	1387.7	1831.6	1974.2851563
1415.780029	1415.77002	1390.77002	1834.709961	1974.2879639
1418.8499756	1418.8399658	1393.8399658	1837.8199463	1974.2851563
1421.9200439	1421.9100342	1396.9100342	1840.9300537	1974.2124023
1424.99	1424.97998	1399.97998	1844.040039	1974.2851563
1428.0600586	1428.0500488	1403.0500488	1847.1500244	1974.3636475
1431.13	1431.12	1406.12	1850.26001	1974.2094727
1434.2	1434.1899414	1409.1899414	1853.37	1974.2851563
1437.27002	1437.26001	1412.26001	1856.47998	1974.2879639
1440.3399658	1440.3299561	1415.3299561	1859.5899658	1974.2851563
1443.4100342	1443.4	1418.4	1862.7	1974.2879639
1446.47998	1446.469971	1421.469971	1865.8100586	1974.2094727
1449.5500488	1449.540039	1424.540039	1868.9200439	1974.2879639
1453.5	1453.49	1428.49	1872.9200439	1975
1455.6899414	1455.6799316	1430.6799316	1875.1400146	1972.8894043
1457.4499512	1457.4394531	1432.4394531	1876.9200439	1977.0522461
1458.76001	1458.7490234	1433.7490234	1878.25	1969.2819824
1461.8399658	1461.827881	1436.827881	1881.3499756	1986.4104
1464.9100342	1464.896851	1439.896851	1884.469971	1967.2481689
1467.97998	1467.9656982	1442.9656982	1887.5799561	1973.5793457
1471.0500488	1471.034668	1446.034668	1890.6800537	1979.8811035
1474.12	1474.1035156	1449.1035156	1893.8	1967.2451172
1477.1899414	1477.1723633	1452.1723633	1896.9100342	1973.5037842
1480.26001	1480.241333	1455.241333	1900.01001	1980.0333252
1484.3599854	1484.3398438	1459.3398438	1904.01001	2049.2202148
1484.74	1484.7197266	1459.7197266	1904.38	2053.8654785
1486.4100342	1486.38916	1461.38916	1906.6	1503.9827881
1488.26001	1488.2385254	1463.2385254	1908.01001	2623.1269531
1489.219971	1489.19812	1464.19812	1908.75	2593.3818359
1489.47998	1489.4580078	1464.4580078	1909.709961	541.56488
1493.5799561	1493.5565186	1468.5565186	1913.709961	2049.2202148
1493.9499512	1493.9263916	1468.9263916	1914.0799561	1999.7644043
1495.62	1495.5958252	1470.5958252	1916.3	1503.9019775
1497.469971	1497.44519	1472.44519	1917.709961	2623.3486328
1498.4300537	1498.4049072	1473.4049072	1918.4399414	2629.28833
1498.6899414	1498.6646729	1473.6646729	1919.4100342	535.6560669
1501.76001	1501.7336426	1476.7336426	1922.52002	1973.5822754
1504.8299561	1504.80249	1479.80249	1925.63	1973.5793457
1508.9300537	1508.901123	1483.901123	1929.63	2049.28125
1509.3	1509.2709961	1484.2709961	1930	1999.7644043
1510.969971	1510.9403076	1485.9403076	1932.219971	1503.8728027
1512.8299561	1512.8	1487.8	1933.63	2637.7407227
1513.790039	1513.76001	1488.76001	1934.3599854	2630.2285156
1514.0500488	1514.02002	1489.02002	1935.3299561	536.1652222
1518.1500244	1518.12	1493.12	1939.3299561	2049.953125
1518.52002	1518.49	1493.49	1939.6899414	2055.4597168
1520.1899414	1520.1599121	1495.1599121	1941.9200439	1497.6553955
1522.040039	1522.01001	1497.01001	1943.3299561	2624.459961
1523	1522.969971	1497.969971	1944.0600586	2629.4648438
1523.26001	1523.22998	1498.22998	1945.02002	541.7585449
1526.3299561	1526.3	1501.3	1948.13	1974.2094727
1529.4	1529.37	1504.37	1951.25	1968.0268555
1532.469971	1532.4399414	1507.4399414	1954.3499756	1980.5865479
1535.540039	1535.51001	1510.51001	1957.459961	1974.3636475
1539.6400146	1539.6099854	1514.6099854	1961.459961	2049.953125
1540.02002	1539.99	1514.99	1961.8299561	2054.561279
1543.74	1543.7086182	1518.7086182	1965.459961	2048.814209
1544.49	1544.458374	1519.458374	1966.1899414	2053.9538574
1544.75	1544.7182617	1519.7182617	1967.1600342	535.9076538
1547.3900146	1547.3573	1522.3573	1969.8299561	1976.8835449
1547.8199463	1547.787109	1522.787109	1970.26001	1998.46936
1548.969971	1548.9367676	1523.9367676	1970.5600586	7662.8168945
1550.8900146	1550.856079	1525.856079	1973.38	1361.2967529
1553.959961	1553.9249268	1528.9249268	1976.49	1973.5037842
1557.030029	1556.9938965	1531.9938965	1979.5899658	1980.0333252
1560.1	1560.0627441	1535.0627441	1982.709961	1967.1699219
1563.1800537	1563.1417236	1538.1417236	1985.8199463	1980.0928955
1566.25	1566.2105713	1541.2105713	1988.9200439	1979.8023682
1569.3199463	1569.2799072	1544.2799072	1992.040039	1967.5476074
1573.4300537	1573.3900146	1548.3900146	1996.040039	2055.0800781
1573.8	1573.76001	1548.76001	1996.4100342	1999.835083
1575.459961	1575.4199219	1550.4199219	1998.62	1502.168579
1577.3199463	1577.2799072	1552.2799072	2000.040039	2619.6589355
1578.27002	1578.22998	1553.22998	2000.7701416	2602.8059082
1578.530029	1578.49	1553.49	2001.74	536.1652222
1581.6	1581.5599365	1556.5599365	2004.8398438	1980.66272
1584.6700439	1584.63	1559.63	2007.9500732	1974.2124023
1588.77002	1588.72998	1563.72998	2011.9500732	2050.01416
1589.1400146	1589.1	1564.1	2012.3200684	1999.835083
1590.8100586	1590.77002	1565.77002	2014.539917	1504.60144
1592.6600342	1592.62	1567.62	2015.9499512	2624.0649414
1593.62	1593.5799561	1568.5799561	2016.6800537	2629.8942871
1593.88	1593.8399658	1568.8399658	2017.6501465	536.0334473
1596.9499512	1596.9099121	1571.9099121	2020.76001	1974.2851563
1600.02002	1599.9788818	1574.9788818	2023.87	1973.6694336
1603.0899658	1603.047729	1578.047729	2026.97998	1973.5793457
1606.1600342	1606.116699	1581.116699	2030.0898438	1973.6578369
1609.22998	1609.1855469	1584.1855469	2033.2	1973.428101
1612.3	1612.2545166	1587.2545166	2036.3099365	1973.6578369
1615.38	1615.333374	1590.333374	2039.4101563	1986.2575684
1618.4499512	1618.4022217	1593.4022217	2042.530029	1967.2451172
1622.5600586	1622.5108643	1597.5108643	2046.530029	2054.345459
1622.9300537	1622.8807373	1597.8807373	2046.9	1999.1201172
1624.5899658	1624.540039	1599.540039	2049.1101074	1501.550659
1626.4499512	1626.4	1601.4	2050.530029	2619.892334
1627.4	1627.3499756	1602.3499756	2051.26001	2602.8059082
1627.6600342	1627.6099854	1602.6099854	2052.22998	536.1652222
1630.72998	1630.6799316	1605.6799316	2055.3300781	1980.510376
1633.8	1633.75	1608.75	2058.4399414	1974.3636475
1636.87	1636.8199463	1611.8199463	2061.5600586	1967.7982178
1640.97998	1640.9299316	1615.9299316	2065.5600586	2055.019043
1641.3499756	1641.3	1616.3	2065.9199219	2056.8217773
1643.01001	1642.959961	1617.959961	2068.1398926	1495.583252
1644.87	1644.8199463	1619.8199463	2069.5600586	2619.2189941
1645.8199463	1645.7698975	1620.7698975	2070.290039	2602.47168
1646.0799561	1646.0299072	1621.0299072	2071.25	541.7585449
1650.1899414	1650.1398926	1625.1398926	2075.25	2055.019043
1650.5600586	1650.51001	1625.51001	2075.6201172	1999.206665
1652.219971	1652.1699219	1627.1699219	2077.8300781	1502.2496338
1654.0799561	1654.029541	1629.029541	2079.25	2619.11499
1655.030029	1654.979248	1629.979248	2079.99	2567.4968262
1655.290039	1655.2391357	1630.2391357	2080.9499512	541.43042
1658.3599854	1658.3079834	1633.3079834	2084.0600586	1973.5793457
1661.4300537	1661.3769531	1636.3769531	2087.1599121	1980.0333252
1664.51001	1664.455811	1639.455811	2090.280029	1973.508667
1667.5799561	1667.5246582	1642.5246582	2093.3898926	1973.5793457
1670.6500244	1670.5936279	1645.5936279	2096.49	1980.0333252
1673.719971	1673.6624756	1648.6624756	2099.6101074	1967.0948486
1676.790039	1676.7314453	1651.7314453	2102.719971	1973.6578369
1679.8599854	1679.800293	1654.800293	2105.8200684	1979.8023682
1682.9300537	1682.8692627	1657.8692627	2108.9399414	1967.479126
1686	1685.9382324	1660.9382324	2112.040039	1979.8109131
1689.0699463	1689.00708	1664.00708	2115.1499023	1973.5880127
1692.1500244	1692.08606	1667.08606	2118.26001	1980.10144
1695.219971	1695.1549072	1670.1549072	2121.3701172	1973.4367676
1698.290039	1698.223877	1673.223877	2124.47998	1973.6665039
1701.3599854	1701.2927246	1676.2927246	2127.5900879	1973.4367676
1704.4300537	1704.3616943	1679.3616943	2130.7	1973.817749
1707.5	1707.430542	1682.430542	2133.8100586	1973.4367676
1710.5699463	1710.5	1685.5	2136.9199219	1973.94458
1713.6400146	1713.5700684	1688.5700684	2140.030029	1974.2124023
1717.75	1717.6800537	1692.6800537	2144.030029	2055.019043
1718.12	1718.0500488	1693.0500488	2144.4	2001.12439
1719.780029	1719.710083	1694.710083	2146.6101074	1502.197998
1721.6400146	1721.5700684	1696.5700684	2148.030029	2619.6589355
1722.5899658	1722.52002	1697.52002	2148.77002	2567.2578125
1722.8499756	1722.780029	1697.780029	2149.72998	541.7585449
1725.9200439	1725.8500977	1700.8500977	2152.8400879	1974.2124023
1728.99	1728.9200439	1703.9200439	2155.9399414	1980.66272
1732.0600586	1731.9901123	1706.9901123	2159.0600586	1968.0268555
1735.13	1735.0600586	1710.0600586	2162.1699219	1974.2851563
1738.2	1738.1298828	1713.1298828	2165.27002	1980.4642334
1741.27002	1741.1988525	1716.1988525	2168.3898926	1967.4737549
1744.3499756	1744.27771	1719.27771	2171.5	1979.8625488
1747.4200439	1747.34668	1722.34668	2174.6	1979.8811035
1751.52002	1751.44519	1726.44519	2178.6	2049.28125
1751.8900146	1751.8150635	1726.8150635	2178.969971	2000.4090576
1753.5600586	1753.4844971	1728.4844971	2181.1899414	1503.9019775
1755.4100342	1755.3338623	1730.3338623	2182.6	2623.1269531
1756.37	1756.293457	1731.293457	2183.3400879	2593.3818359
1756.63	1756.5533447	1731.5533447	2184.3	541.56488
1759.7	1759.6221924	1734.6221924	2187.4199219	1967.2451172
1762.77002	1762.6911621	1737.6911621	2190.52002	1979.8811035
1765.8399658	1765.76001	1740.76001	2193.6298828	1973.5793457
1768.9100342	1768.8300781	1743.8300781	2196.75	1967.9902344
1771.97998	1771.9	1746.9	2199.8500977	1980.510376
1775.0500488	1774.9700928	1749.9700928	2202.959961	1974.3636475
1779.1500244	1779.0700684	1754.0700684	2206.959961	2050.01416
1779.52002	1779.4400635	1754.4400635	2207.3300781	1999.835083
1781.1899414	1781.1099854	1756.1099854	2209.5500488	1504.3299561
1783.0500488	1782.9700928	1757.9700928	2210.959961	2638.8825684
1784.01001	1783.9300537	1758.9300537	2211.6899414	2629.8942871
1784.27002	1784.1900635	1759.1900635	2212.6599121	536.1652222
1787.3399658	1787.26001	1762.26001	2215.76001	1980.510376
1790.4100342	1790.3300781	1765.3300781	2218.8798828	1968.0268555
1794.52002	1794.4400635	1769.4400635	2222.8798828	2055.019043
1794.8900146	1794.8100586	1769.8100586	2223.25	1999.835083
1796.5500488	1796.4700928	1771.4700928	2225.459961	1502.197998
1798.4100342	1798.3300781	1773.3300781	2226.8798828	2620.0986328
1799.3599854	1799.280029	1774.280029	2227.6101074	2601.6218262
1799.62	1799.540039	1774.540039	2228.5800781	536.1652222
1802.6899414	1802.6099854	1777.6099854	2231.6799316	1980.66272
1805.76001	1805.6800537	1780.6800537	2234.790039	1974.2124023
1808.8299561	1808.75	1783.75	2237.9099121	1968.099
1812.9399414	1812.8599854	1787.8599854	2241.9099121	2054.8967285
1813.3100586	1813.2301025	1788.2301025	2242.27002	2056.1376953
1814.969971	1814.8900146	1789.8900146	2244.49	1495.4732666
1816.8299561	1816.75	1791.75	2245.9099121	2619.6589355
1817.780029	1817.7	1792.7	2246.6398926	2602.8059082
1818.040039	1817.960083	1792.960083	2247.6	541.6240234
1821.1099854	1821.030029	1796.030029	2250.709961	1974.2851563
1824.1800537	1824.0997314	1799.0997314	2253.8200684	1973.94104
1827.25	1827.168579	1802.168579	2256.9299316	1973.7307129
1830.3199463	1830.2374268	1805.2374268	2260.040039	1973.428101
1833.3900146	1833.3063965	1808.3063965	2263.1499023	1973.6578369
1836.459961	1836.3752441	1811.3752441	2266.26001	1973.5793457
1839.530029	1839.4442139	1814.4442139	2269.3701172	1973.5065918
1842.6	1842.5130615	1817.5130615	2272.47998	1973.5793457
1846.7	1846.6115723	1821.6115723	2276.47998	2049.28125
1847.0799561	1846.991333	1821.991333	2276.8400879	2110.3127441
1848.75	1848.6608887	1823.6608887	2279.0700684	1497.1494141
1850.6	1850.5101318	1825.5101318	2280.469971	2642.3388672
1851.5600586	1851.4700928	1826.4700928	2281.209961	2594.2526855
1851.8199463	1851.72998	1826.72998	2282.1699219	541.5042114
1854.8900146	1854.8	1829.8	2285.280029	1974.2124023
1857.959961	1857.87	1832.87	2288.4	1967.9486084
1861.030029	1860.9400635	1835.9400635	2291.5	1980.5891113
1865.13	1865.040039	1840.040039	2295.5	2050.01416
1865.5	1865.4100342	1840.4100342	2295.8701172	1999.835083
1867.1700439	1867.0800781	1842.0800781	2298.0900879	1504.60144
1869.02002	1868.9300537	1843.9300537	2299.5	2624.0649414
1869.97998	1869.8900146	1844.8900146	2300.24	2594.3093262
1870.24	1870.1500244	1845.1500244	2301.2	541.7585449
1873.3100586	1873.2200928	1848.2200928	2304.3100586	1974.2124023
1877.26001	1877.1700439	1852.1700439	2308.3100586	1975
1879.4499512	1879.3599854	1854.3599854	2310.530029	1972.9953613
1881.209961	1881.1195068	1856.1195068	2312.3100586	1977.0162354
1882.52002	1882.429199	1857.429199	2313.6298828	1984.4001465
1885.5899658	1885.4980469	1860.4980469	2316.75	1967.0948486
1888.6600342	1888.5670166	1863.5670166	2319.8601074	1973.5065918
1891.72998	1891.6358643	1866.6358643	2322.959961	1980.1069336
1894.8	1894.704834	1869.704834	2326.0800781	1967.1729736
1898.9100342	1898.8133545	1873.8133545	2330.0800781	2054.2844238
1899.290039	1899.1932373	1874.1932373	2330.4499512	2053.2038574
1900.9499512	1900.852539	1875.852539	2332.6599121	1501.7126465
1902.8100586	1902.7119141	1877.7119141	2334.0800781	2618.8942871
1903.76001	1903.661499	1878.661499	2334.8200684	2566.3398438
1904.02002	1903.9215088	1878.9215088	2335.780029	541.43042
1907.0899658	1906.9903564	1881.9903564	2338.8798828	1980.1069336
1910.1600342	1910.0600586	1885.0600586	2341.99	1974.0031738
1913.22998	1913.13	1888.13	2345.1101074	1967.7982178
1916.3	1916.2	1891.2	2348.209961	1980.8937988
1919.37	1919.27002	1894.27002	2351.3200684	1974.133789
1923.469971	1923.37	1898.37	2355.3200684	2050.01416
1923.8399658	1923.74	1898.74	2355.6899414	1999.835083
1925.51001	1925.4100342	1900.4100342	2357.9099121	1504.60144
1927.3599854	1927.26001	1902.26001	2359.3200684	2623.6213379
1928.3199463	1928.219971	1903.219971	2360.0600586	2595.1452637
1928.5799561	1928.47998	1903.47998	2361.02002	541.6240234
1931.6500244	1931.5500488	1906.5500488	2364.1201172	1980.7414551
1934.719971	1934.62	1909.62	2367.24	1967.9486084
1937.790039	1937.6900635	1912.6900635	2370.3500977	1974.2124023
1941.8900146	1941.790039	1916.790039	2374.3500977	2050.01416
1942.26001	1942.1600342	1917.1600342	2374.709961	2056.8217773
1943.9300537	1943.8300781	1918.8300781	2376.9399414	1497.6848145
1945.780029	1945.6800537	1920.6800537	2378.3500977	2624.0649414
1946.74	1946.6400146	1921.6400146	2379.0800781	2629.8942871
1947	1946.9	1921.9	2380.040039	541.7585449
1950.0699463	1949.969971	1924.969971	2383.1499023	1974.2851563
1953.1400146	1953.040039	1928.040039	2386.27002	1967.8764648
1956.209961	1956.1099854	1931.1099854	2389.3701172	1980.510376
1959.280029	1959.1800537	1934.1800537	2392.47998	1974.5150146
1962.3499756	1962.25	1937.25	2395.6	1967.7982178
1965.4200439	1965.3200684	1940.3200684	2398.7	1980.7414551
1968.49	1968.3900146	1943.3900146	2401.8100586	1974.133789
1971.5600586	1971.460083	1946.460083	2404.9299316	1968.1772461
1975.6700439	1975.5700684	1950.5700684	2408.9299316	2055.019043
1976.040039	1975.9400635	1950.9400635	2409.290039	2054.0993652
1977.7	1977.6	1952.6	2411.51001	1495.4732666
1979.5600586	1979.460083	1954.460083	2412.9299316	2619.830811
1980.51001	1980.4100342	1955.4100342	2413.6599121	2603.3217773
1980.77002	1980.6700439	1955.6700439	2414.6201172	541.489563
1983.8399658	1983.74	1958.74	2417.72998	1974.2851563
1986.9100342	1986.8100586	1961.8100586	2420.8400879	1974.3636475
1989.97998	1989.88	1964.88	2423.9499512	1974.2851563
1993.0500488	1992.9500732	1967.9500732	2427.0600586	1974.2008057
1996.12	1996.018921	1971.018921	2430.1699219	1973.7307129
1999.2	1999.0977783	1974.0977783	2433.27002	1986.2575684
2002.27002	2002.166748	1977.166748	2436.3898926	1967.3233643
2005.3399658	2005.2355957	1980.2355957	2439.5	1973.428101
2009.4399414	2009.3341064	1984.3341064	2443.5	2049.28125
2009.8100586	2009.7041016	1984.7041016	2443.8601074	2055.4025879
2011.47998	2011.3734131	1986.3734131	2446.0900879	1497.2
2013.3299561	2013.2226563	1988.2226563	2447.5	2623.1269531
2014.290039	2014.1824951	1989.1824951	2448.22998	2629.28833
2014.5500488	2014.4423828	1989.4423828	2449.1899414	541.56488
2018.6500244	2018.5408936	1993.5408936	2453.1899414	2049.28125
2019.02002	2018.9107666	1993.9107666	2453.5600586	1997.8328857
2020.6899414	2020.5800781	1995.5800781	2455.780029	1503.9536133
2022.540039	2022.4295654	1997.4295654	2457.1899414	2623.3269043
2023.5	2023.38916	1998.38916	2457.9299316	2594.2495117
2023.76001	2023.6490479	1998.6490479	2458.8898926	541.4370728
2026.8399658	2026.7279053	2001.7279053	2462	1980.0388184
2029.9100342	2029.7969971	2004.7969971	2465.1101074	1973.5308838
2032.97998	2032.8658447	2007.8658447	2468.219971	1973.60376
2036.0500488	2035.9348145	2010.9348145	2471.3300781	1973.5308838
2039.12	2039.0037842	2014.0037842	2474.4399414	1973.7550049
2042.1899414	2042.0726318	2017.0726318	2477.5500488	1973.4523926
2045.26001	2045.1416016	2020.1416016	2480.6599121	1973.682251
2048.3300781	2048.2106934	2023.2106934	2483.77002	1973.5308838
2051.4099121	2051.289551	2026.2894287	2486.8798828	1980.1159668
2055.51001	2055.3881836	2030.3881836	2490.8798828	2049.376221
2055.8798828	2055.7578125	2030.7579346	2491.25	1997.2067871
2057.5500488	2057.42749	2032.42749	2493.469971	1504.1983643
2059.4	2059.2768555	2034.2767334	2494.8798828	2622.99707
2060.3601074	2060.2365723	2035.2365723	2495.6101074	2629.6660156
2060.6201172	2060.496582	2035.49646	2496.5800781	535.850647
2063.6899414	2063.56543	2038.5653076	2499.6799316	1979.908569
2066.76001	2066.6342773	2041.6342773	2502.8	1967.355835
2070.8701172	2070.7431641	2045.743042	2506.8	2054.3793945
2071.24	2071.112793	2046.112793	2507.1699219	1998.4936523
2072.9	2072.7719727	2047.7720947	2509.3798828	1501.7374268
2074.76001	2074.6315918	2049.6315918	2510.8	2618.4978027
2075.719971	2075.5913086	2050.5913086	2511.530029	2629.8564453
2077.3798828	2077.2504883	2052.2504883	2513.75	1494.8028564
2079.0500488	2078.920166	2053.920166	2515.969971	1504.1976318
2081.8601074	2081.729248	2056.729248	2518.1101074	2625.22876
2082.1201172	2081.9890137	2056.9890137	2519.0800781	535.8417969
2085.1899414	2085.0578613	2060.0578613	2522.1799316	1980.0281982
2088.26001	2088.126709	2063.126709	2525.3	1967.1729736
2091.3300781	2091.195801	2066.195801	2528.4099121	1973.6578369
2094.4	2094.2644043	2069.2644043	2531.51001	1979.7236328
2098.5	2098.3630371	2073.3630371	2535.51001	2049.3422852
2098.8701172	2098.7331543	2073.7331543	2535.8798828	2001.0690918
2100.540039	2100.4023438	2075.4023438	2538.1	1503.7921143
2102.4	2102.2617188	2077.2617188	2539.51001	2637.1469727
2103.3601074	2103.2214355	2078.2214355	2540.25	2594.0415039
2103.6201172	2103.4814453	2078.4814453	2541.209961	541.56488
2106.6899414	2106.5500488	2081.5500488	2544.3300781	1967.0166016
2110.6398926	2110.498779	2085.498779	2548.3300781	1974.2949219
2112.8300781	2112.6879883	2087.6879883	2550.540039	1981.447876
2114.5900879	2114.44751	2089.44751	2552.3200684	1976.7952881
2115.9	2115.7568359	2090.7568359	2553.6599121	1954.3758545
2118.969971	2118.8256836	2093.8256836	2556.76001	1979.8811035
2125.1101074	2124.963623	2099.963623	2562.97998	1973.6578369
2128.1899414	2128.04248	2103.04248	2566.0900879	1979.78418
2132.1398926	2131.9909668	2106.9909668	2570.0900879	1974.2949219
2134.3300781	2134.18042	2109.18042	2572.3100586	1972.5098877
2136.0900879	2135.9394531	2110.9394531	2574.0900879	1976.3876953
2137.4	2137.248291	2112.248291	2575.4199219	1968.435791
2140.469971	2140.3164063	2115.3164063	2578.530029	1972.8494873
2143.540039	2143.3842773	2118.3842773	2581.6298828	1979.3740234
2146.6201172	2146.4621582	2121.4621582	2584.75	1973.0805664
2149.6899414	2149.5297852	2124.5297852	2587.8601074	1972.692627
2152.76001	2152.5979	2127.5979	2590.959961	1979.3740234
2155.8300781	2155.6657715	2130.6657715	2594.0800781	1966.668335
2158.9099121	2158.7434082	2133.7434082	2597.1899414	1979.2767334
2161.97998	2161.8115234	2136.8115234	2600.290039	1979.2218018
2165.0500488	2164.8796387	2139.8796387	2603.4099121	1966.892334
2168.1201172	2167.94873	2142.94873	2606.52002	1973.6578369
2171.1899414	2171.017334	2146.017334	2609.6201172	1979.7236328
2174.26001	2174.0864258	2149.0864258	2612.74	1967.3233643
2177.3300781	2177.1552734	2152.1552734	2615.8500977	1973.5065918
2180.4099121	2180.234131	2155.234131	2618.9499512	1986.484375
2183.47998	2183.3029785	2158.3029785	2622.0700684	1967.1729736
2186.5500488	2186.37207	2161.37207	2625.1799316	1973.6578369
2189.6201172	2189.440918	2164.440918	2628.280029	1980.0333252
2192.6899414	2192.5095215	2167.5095215	2631.4	1967.008789
2195.76001	2195.5773926	2170.5773926	2634.51001	1972.8007813
2198.8400879	2198.6552734	2173.6552734	2637.6101074	1985.6259766
2202.9399414	2202.7521973	2177.7521973	2641.6101074	2048.4875488
2203.3100586	2203.12207	2178.12207	2641.97998	2000.3533936
2204.97998	2204.7907715	2179.7907715	2644.2	1503.4157715
2206.8300781	2206.6396484	2181.6396484	2645.6101074	2621.918457
2207.790039	2207.598877	2182.598877	2646.3500977	2592.4543457
2208.0500488	2207.8586426	2182.8586426	2647.3100586	541.3712158
2212.1499023	2211.9555664	2186.9555664	2651.3100586	2048.4875488
2212.530029	2212.335449	2187.335449	2651.6799316	2053.1289063
2214.2	2214.00415	2189.00415	2653.9	1503.4157715
2216.0500488	2215.8530273	2190.8530273	2655.3100586	2621.918457
2217.01001	2216.8122559	2191.8122559	2656.040039	2628.8723145
2217.27002	2217.0720215	2192.0720215	2657.01001	535.6501465
2220.3400879	2220.1398926	2195.1398926	2660.1201172	1972.9520264
2223.4099121	2223.20752	2198.20752	2663.22998	1972.795166
2227.52002	2227.3146973	2202.3146973	2667.22998	2053.61084
2227.9	2227.6943359	2202.6943359	2667.6	2050.4890137
2229.5600586	2229.3532715	2204.3532715	2669.8100586	1501.3963623
2231.4199219	2231.2119141	2206.2119141	2671.22998	2617.6140137
2232.3701172	2232.161377	2207.161377	2671.959961	2602.12915
2232.6298828	2232.4208984	2207.4208984	2672.9299316	535.1472168
2236.74	2236.5280762	2211.5280762	2676.9299316	2053.61084
2237.1201172	2236.907959	2211.907959	2677.290039	2110.23584
2238.780029	2238.56665	2213.56665	2679.51001	1494.24353
2240.6398926	2240.425293	2215.425293	2680.9299316	2618.0534668
2241.5900879	2241.3747559	2216.3747559	2681.6599121	2601.2792969
2241.8500977	2241.6345215	2216.6345215	2682.6201172	541.2367554
2245.959961	2245.7414551	2220.7414551	2686.6201172	2053.3664551
2246.3300781	2246.1113281	2221.1113281	2686.99	2000.3533936
2247.99	2247.77002	2222.77002	2689.2	1501.1755371
2249.8500977	2249.6293945	2224.6293945	2690.6201172	2618.4494629
2250.8	2250.5791016	2225.5791016	2691.3601074	2567.1669922
2251.0600586	2250.8391113	2225.8391113	2692.3200684	541.43042
2254.1298828	2253.9077148	2228.9077148	2695.4299316	1973.5009766
2257.209961	2256.9868164	2231.9868164	2698.530029	1986.4891357
2260.280029	2260.0556641	2235.0556641	2701.6499023	1967.3233643
2263.3500977	2263.1247559	2238.1247559	2704.76001	1973.5065918
2267.4499512	2267.2231445	2242.2231445	2708.76001	2049.2202148
2267.8200684	2267.5930176	2242.5930176	2709.1201172	2055.4025879
2269.49	2269.2624512	2244.2624512	2711.3500977	1497.040039
2271.3400879	2271.1118164	2246.1118164	2712.76001	2623.7436523
2272.3	2272.071289	2247.071289	2713.49	2628.9541016
2272.5600586	2272.3312988	2247.3312988	2714.4499512	541.56488
2275.6298828	2275.4001465	2250.4001465	2717.5600586	1973.349609
2278.7	2278.4689941	2253.4689941	2720.6799316	1967.3447266
2281.780029	2281.5480957	2256.5480957	2723.780029	1986.51355
2284.8500977	2284.6169434	2259.6169434	2726.8898926	1973.682251
2287.9199219	2287.685791	2262.685791	2730.01001	1967.0408936
2290.99	2290.7548828	2265.7548828	2733.1101074	1979.9055176
2294.0600586	2293.82373	2268.82373	2736.219971	1973.8334961
2298.1599121	2297.9223633	2272.9223633	2740.219971	2049.1235352
2298.530029	2298.2922363	2273.2922363	2740.5900879	1999.8043213
2300.2	2299.96167	2274.96167	2742.8100586	1503.972168
2302.0500488	2301.8110352	2276.8110352	2744.219971	2623.3322754
2303.01001	2302.770752	2277.770752	2744.9499512	2628.9863281
2303.27002	2303.0305176	2278.0305176	2745.9099121	541.5715942
2306.3500977	2306.1088867	2281.1088867	2748.1	2811.1376953
2309.4199219	2309.17627	2284.17627	2750.3100586	2775.92749
2315.030029	2314.7817383	2289.7817383	2754.3100586	2802.5830078
2315.5600586	2315.311279	2290.311279	2754.6899414	2788.762939
2318.6398926	2318.3884277	2293.3884277	2756.9	2784.9790039
2320.6101074	2320.3571777	2295.3571777	2758.3100586	2791.8129883
2324.209961	2323.9538574	2298.9538574	2760.8898926	2788.3347168
2324.780029	2324.5234375	2299.5234375	2761.280029	2920.5935059
2327.8500977	2327.5910645	2302.5910645	2763.47998	2788.7849121
2329.780029	2329.5197754	2304.5197754	2764.8798828	2755.393311
2330.9299316	2330.6694336	2305.6694336	2765.6799316	2874.3781738
2334	2333.73877	2308.73877	2767.8701172	2802.5271
2337.0700684	2336.8078613	2311.8078613	2770.0800781	2777.7338867
2339.6398926	2339.3771973	2314.3771973	2774.8300781	1081.7431641
2340.3100586	2340.047119	2315.047119	2777.3500977	531.71991
2340.97998	2340.7167969	2315.7167969	2780.99	368.022522
2341.5500488	2341.2866211	2316.2866211	2784.1799316	357.3109436
2343.209961	2342.946289	2317.946289	2787.6799316	948.2755127
2344.459961	2344.195801	2319.195801	2789.6499023	1268.6673584
2346.02002	2345.7556152	2320.7556152	2792.01001	1321.6761475
2349.3500977	2349.0847168	2324.0847168	2794.6201172	2551.1428223
2352.4199219	2352.1538086	2327.1538086	2796.3100586	3632.1625977
2355.49	2355.2229	2330.2229	2798	3631.9389648
2359.969971	2359.7019043	2334.7019043	2800.9299316	3057.2788086
2361.6298828	2361.3613281	2336.3613281	2801.1599121	14440.5439453
2364.4499512	2364.1806641	2339.1806641	2803.01001	3047.708252
2367.780029	2367.5097656	2342.5097656	2804.52002	4409.034668
2372.26001	2371.9882813	2346.9882813	2807.459961	3046.6164551
2373.9199219	2373.647461	2348.647461	2807.6899414	14439.3632813
2376.74	2376.4665527	2351.4665527	2809.540039	3047.4589844
2378.3898926	2378.1159668	2353.1159668	2809.76001	14989.8232422
2380.0600586	2379.7856445	2354.7856445	2810	13922
2382.8701172	2382.5947266	2357.5947266	2811.8400879	3053.1669922
2386.2	2385.92334	2360.92334	2813.3601074	4379.3964844
2390.6899414	2390.4118652	2365.4118652	2816.6699219	2712.272461
2392.3500977	2392.071289	2367.071289	2817.3400879	4952.5410156
2395.1599121	2394.880127	2369.880127	2819.4199219	2701.1689453
2398.49	2398.2089844	2373.2089844	2821.4399414	3295.741699
2401.5600586	2401.2780762	2376.2780762	2823.5	2979.6750488
2404.6298828	2404.34668	2379.34668	2825.5600586	2979.0935059
2409.3798828	2409.094971	2384.094971	2829.02002	2744.7382813
2410.77002	2410.484619	2385.484619	2829.6599121	4343.1977539
2413.8400879	2413.553711	2388.553711	2831.719971	2979.6750488
2416.9199219	2416.6323242	2391.6323242	2833.4499512	3559.3005371
2419.99	2419.701416	2394.701416	2835.49	3008.5769043
2423.0600586	2422.7702637	2397.7702637	2837.5500488	2979.3303223
2426.1298828	2425.8391113	2400.8391113	2839.6101074	2979.4382324
2430.8701172	2430.5776367	2405.5776367	2843.0700684	2739.095459
2435.3400879	2435.0458984	2410.0458984	2846.1899414	2864.3916016
2438.4099121	2438.1147461	2413.1147461	2847.8200684	3765.1523438
2441.49	2441.1936035	2416.1936035	2849.8798828	2989.3901367
2444.5600586	2444.2626953	2419.2626953	2851.9199219	3008.928711
2447.6298828	2447.3312988	2422.3312988	2853.97998	2979.0935059
2450.7	2450.400391	2425.400391	2856.040039	2979.6750488
2453.77002	2453.4692383	2428.4692383	2858.0900879	2993.9035645
2456.8400879	2456.53833	2431.53833	2860.1398926	2994.6157227
2459.9099121	2459.6071777	2434.6071777	2862.1899414	2993.6811523
2462.97998	2462.6760254	2437.6760254	2864.25	2979.7119141
2466.0500488	2465.7451172	2440.7451172	2867.1799316	2094.9394531
2469.1298828	2468.8239746	2443.8239746	2870.0900879	2115.894043
2473.01001	2472.7026367	2447.7026367	2874.540039	1743.24292
2473.6	2473.29248	2448.29248	2875.3898926	1388.41394
2475.27002	2474.9619141	2449.9619141	2878.3	1147.2624512
2476.459961	2476.1513672	2451.1513672	2880.3100586	1183.549561
2478.0800781	2477.7709961	2452.7709961	2883.27002	1094.3082275
2481.4099121	2481.099609	2456.099609	2887.540039	1559.07251
2484.47998	2484.1687012	2459.1687012	2891.8400879	1427.4683838
2488.1298828	2487.8173828	2462.8173828	2895.6799316	1900.3262939
2489.1298828	2488.8168945	2463.8168945	2896.8200684	1753.577881
2491.290039	2490.9763184	2465.9763184	2899.52002	1599.6313477
2491.8200684	2491.5061035	2466.5061035	2899.6201172	10582.4248047
2492.4399414	2492.1257324	2467.1257324	2900.790039	1059.3056641
2493.4399414	2493.1254883	2468.1254883	2902.6	1104.5323486
2496.25	2495.93457	2470.93457	2905.1101074	2238.2268066
2496.77002	2496.4543457	2471.4543457	2906.219971	936.7734985
2497.9199219	2497.60376	2472.60376	2908.5500488	986.660339
2499.8400879	2499.5231934	2474.5231934	2910.9199219	1619.8955078
2502.9099121	2502.592041	2477.592041	2914.5800781	1676.807373
2505.97998	2505.6608887	2480.6608887	2918.219971	1686.2771
2509.0500488	2508.72998	2483.72998	2921.8798828	1677.1689453
2512.1201172	2511.8	2486.8	2925.530029	1682.142334
2515.75	2515.4299316	2490.4299316	2929.540039	1810.324829
2516.01001	2515.6899414	2490.6899414	2929.8601074	1625.2757568
2516.6	2516.280029	2491.280029	2931.0600586	983.5120239
2519.290039	2518.969971	2493.969971	2933.5600586	2151.9038086
2519.9099121	2519.5898438	2494.5898438	2934.1799316	1999.9508057
2520.5	2520.1799316	2495.1799316	2935.3798828	983.5120239
2521.0800781	2520.76001	2495.76001	2936.5700684	974.7692261
2524.3601074	2524.040039	2499.040039	2939.6899414	2102.7802734
2524.4	2524.079834	2499.079834	2939.9299316	331.503479
2525.5500488	2525.22998	2500.22998	2941.75	1263.8365479
2527.469971	2527.1499023	2502.1499023	2943.8500977	1828.5050049
2530.540039	2530.219971	2505.219971	2947.1101074	1883.39917
2535.02002	2534.7	2509.7	2950.5600586	2597.152832
2536.6799316	2536.3598633	2511.3598633	2951.3400879	4255.6088867
2539.49	2539.169189	2514.169189	2953.5600586	2530.956543
2542.8200684	2542.4980469	2517.4980469	2955.709961	3097.0056152
2545.9	2545.5769043	2520.5769043	2957.8898926	2824.8034668
2550.5500488	2550.2255859	2525.2255859	2961.469971	2596.9406738
2554.8500977	2554.52417	2529.52417	2964.75	2621.00415
2558.1799316	2557.8530273	2532.8530273	2966.719971	3379.769043
2559.3200684	2558.9926758	2533.9926758	2967.4399414	3165.9177246
2561.25	2560.922119	2535.922119	2968.469971	3746.345459
2565.719971	2565.390625	2540.390625	2971.9	2605.4580078
2567.3898926	2567.0600586	2542.0600586	2972.7	4174.0078125
2570.2	2569.869873	2544.869873	2974.9099121	2542.7
2573.530029	2573.2	2548.2	2977.0600586	3097.6623535
2576.6	2576.27002	2551.27002	2979.24	2816.7561035
2581.0800781	2580.75	2555.75	2982.6799316	2604.7131348
2585.72998	2585.4	2560.4	2986.27002	2590.3977051
2590.030029	2589.7	2564.7	2989.5600586	2613.8713379
2591.9499512	2591.619873	2566.619873	2990.24	5647.0800781
2594.51001	2594.1799316	2569.1799316	2992.22998	2573.1281738
2599.6799316	2599.3498535	2574.3498535	2995.6699219	3005.8530273
2603.99	2603.6599121	2578.6599121	2999.3500977	2342.2773438
2604.3898926	2604.0598145	2579.0598145	2999.6398926	2758.7368164
2607.3100586	2606.97998	2581.97998	3001.8798828	2607.35791
2608.459961	2608.1298828	2583.1298828	3003.1398926	1825.1806641
2610.3798828	2610.0498047	2585.0498047	3004.4199219	3000.27417
2613.4499512	2613.119873	2588.119873	3006.99	2389.0166016
2617.9199219	2617.5898438	2592.5898438	3010.8500977	2315.9057617
2619.5900879	2619.26001	2594.26001	3012.0800781	2715.7138672
2622.4	2622.0698242	2597.0698242	3014.709961	2136.9384766
2625.72998	2625.3989258	2600.3989258	3017.290039	2580.5334473
2630.4499512	2630.1171875	2605.1171875	3021.290039	2359.172119
2631.8701172	2631.5368652	2606.5368652	3022.51001	2327.3317871
2634.9399414	2634.6057129	2609.6057129	3025.1298828	2342.769043
2635.1599121	2634.825439	2609.825439	3025.290039	2744.9230957
2635.1799316	2634.845459	2609.845459	3025.3	3997.046875
2635.2	2634.8654785	2609.8654785	3025.3400879	999.2617188
2638.01001	2637.674561	2612.674561	3027.72998	2350.7634277
2641.0800781	2640.7436523	2615.7436523	3030.3300781	2360.5715332
2645.719971	2645.3818359	2620.3818359	3034.3300781	2319.1467285
2650.040039	2649.7001953	2624.7001953	3038.0600586	2315.6740723
2650.3898926	2650.0500488	2625.0500488	3038.3300781	2589.3510742
2653.3701172	2653.030029	2628.030029	3040.6298828	2591.5515137
2654.51001	2654.1699219	2629.1699219	3041.9099121	1780.9857178
2656.4399414	2656.0998535	2631.0998535	3043.22998	2923.86499
2659.51001	2659.1699219	2634.1699219	3045.8400879	2352.5715332
2662.5800781	2662.24	2637.24	3048.4399414	2361.6323242
2665.6499023	2665.3098145	2640.3098145	3051.040039	2361.44458
2668.719971	2668.3798828	2643.3798828	3053.6499023	2352.5715332
2673.2	2672.8598633	2647.8598633	3057.51001	2321.2353516
2677.6699219	2677.329834	2652.329834	3061.3701172	2315.9057617
2681	2680.6599121	2655.6599121	3063.8400879	2696.4016113
2682.1398926	2681.7998047	2656.7998047	3065.01001	1948.6676025
2685.47998	2685.1398926	2660.1398926	3067.49	2693.58667
2687.1398926	2686.7998047	2661.7998047	3068.5900879	3017.8483887
2689.959961	2689.619873	2664.619873	3071.1298828	2220.8457031
2694.6799316	2694.3398438	2669.3398438	3074.8500977	2537.425293
2696.3500977	2696.01001	2671.01001	3075.969971	2982.833252
2699.1599121	2698.8198242	2673.8198242	3078.47998	2238.8327637
2702.49	2702.1499023	2677.1499023	3080.959961	2685.5144043
2705.5600586	2705.219971	2680.219971	3083.459961	2456.232666
2710.030029	2709.6899414	2684.6899414	3087.1201172	2442.472168
2711.7	2711.3598633	2686.3598633	3088.1201172	3339.289551
2714.51001	2714.1699219	2689.1699219	3090.5500488	2313.068359
2719.24	2718.9	2693.9	3094.1799316	2606.1052246
2720.9099121	2720.5698242	2695.5698242	3095.1899414	3306.1882324
2723.719971	2723.3798828	2698.3798828	3097.6101074	2322.4118652
2728.4499512	2728.1098633	2703.1098633	3101.24	2606.1052246
2730.1201172	2729.780029	2704.780029	3102.25	3306.671631
2732.9299316	2732.5898438	2707.5898438	3104.6799316	2312.8674316
2736.26001	2735.9199219	2710.9199219	3107.040039	2821.8952637
2739.3300781	2738.98877	2713.98877	3109.4399414	2557.5593262
2742.4	2742.0576172	2717.0576172	3111.8400879	2557.102051
2746.8798828	2746.5358887	2721.5358887	3115.5	2447.22583
2751.3601074	2751.0146484	2726.0146484	3119.1398926	2460.824707
2754.6899414	2754.3432617	2729.3432617	3121.51001	2808.84082
2755.8400879	2755.49292	2730.49292	3122.5800781	2148.9926758
2757.76001	2757.412109	2732.412109	3123.6899414	3458.5852051
2760.8300781	2760.4812012	2735.4812012	3126.0900879	2557.30542
2763.9	2763.5498047	2738.5498047	3128.47998	2568.071289
2766.969971	2766.619873	2741.619873	3130.8798828	2558.4443359
2770.040039	2769.6899414	2744.6899414	3133.290039	2547.5913086
2774.52002	2774.1699219	2749.1699219	3136.9299316	2461.570801
2778.99	2778.6398926	2753.6398926	3140.5900879	2442.472168
2782.3200684	2781.969971	2756.969971	3142.959961	2810.3339844
2783.469971	2783.119873	2758.119873	3144.030029	2149.3049316
2785.3898926	2785.0397949	2760.0397949	3145.1298828	3491.3227539
2788.459961	2788.1098633	2763.1098633	3147.6699219	2417.2705078
2792.719971	2792.369873	2767.369873	3151.6699219	2130.0322266
2792.9399414	2792.5898438	2767.5898438	3151.8798828	2096.8728027
2794.6	2794.25	2769.25	3153.5600586	1975.9364014
2796.77002	2796.4199219	2771.4199219	3155.6699219	2057.026123
2797.4099121	2797.0598145	2772.0598145	3156.290039	2063.7478027
2800.74	2800.3898926	2775.3898926	3158.8400879	2611.6977539
2805.219971	2804.869873	2779.869873	3162.2	2666.8181152
2809.6899414	2809.3398438	2784.3398438	3165.5600586	2660.6706543
2814.1699219	2813.8198242	2788.8198242	3168.9199219	2666.6289063
2816.0900879	2815.74	2790.74	3170	3555.7438965
2818.6398926	2818.2897949	2793.2897949	3171.6398926	3109.8156738
2823.6398926	2823.2897949	2798.2897949	3174.8200684	3144.3916016
2828.1101074	2827.76001	2802.76001	3178.1799316	2661.0048828
2831.4399414	2831.0898438	2806.0898438	3179.24	6282.6523438
2832.5900879	2832.24	2807.24	3179.6298828	5900.9956055
2834.51001	2834.1599121	2809.1599121	3180.7	3587.763916
2838.99	2838.6398926	2813.6398926	3184.0600586	2666.6289063
2843.459961	2843.1098633	2818.1098633	3187.4199219	2660.859375
2847.9399414	2847.5898438	2822.5898438	3190.780029	2666.6289063
2849.8601074	2849.51001	2824.51001	3191.8601074	3554.9592285
2852.4199219	2852.0688477	2827.0688477	3193.5	3120.96875
2856.01001	2855.6577148	2830.6577148	3195.4399414	3699.7756348
2859.0800781	2858.7268066	2833.7268066	3197.540039	2922.842041
2862.1499023	2861.79541	2836.79541	3199.6398926	2922.9414063
2865.219971	2864.864502	2839.864502	3201.75	2908.642334
2871.3601074	2871.0024414	2846.0024414	3205.9499512	2922.842041
2874.4299316	2874.0710449	2849.0710449	3208.0600586	2908.7397461
2877.5	2877.1401367	2852.1401367	3210.1599121	2922.842041
2880.5800781	2880.219971	2855.219971	3212.27002	2919.329834
2883.6499023	2883.2897949	2858.2897949	3214.3798828	2910.1086426
2886.719971	2886.3598633	2861.3598633	3216.47998	2923.55542
2891.2	2890.8398438	2865.8398438	3219.8400879	2666.6289063
2895.6699219	2895.3098145	2870.3098145	3223.2	2660.859375
2899	2898.6398926	2873.6398926	3224.8898926	3940.5727539
2900.1499023	2899.7897949	2874.7897949	3225.280029	5896.1367188
2902.0700684	2901.709961	2876.709961	3226.3601074	3555.7438965
2905.1398926	2904.7797852	2879.7797852	3228.459961	2923.6547852
2908.209961	2907.8498535	2882.8498535	3230.5700684	2909.9375
2912.6799316	2912.3181152	2887.3181152	3233.9299316	2659.8730469
2914.3500977	2913.9875488	2888.9875488	3234.780029	3927.418457
2917.1599121	2916.7963867	2891.7963867	3236.6499023	3004.168457
2920.49	2920.1252441	2895.1252441	3238.3400879	3939.1118164
2923.5600586	2923.1940918	2898.1940918	3240.4499512	2909.26123
2926.6298828	2926.262939	2901.262939	3242.5500488	2922.2392578
2931.1101074	2930.7414551	2905.7414551	3245.9099121	2665.974609
2932.780029	2932.4106445	2907.4106445	3246.76001	3927.945801
2935.5900879	2935.219971	2910.219971	3248.6398926	2988.6589355
2938.9199219	2938.5498047	2913.5498047	3250.3300781	3940.2839355
2941.99	2941.619873	2916.619873	3252.4399414	2910.01123
2945.0600586	2944.6899414	2919.6899414	3254.540039	2923.8874512
2948.1298828	2947.7597656	2922.7597656	3256.6398926	2923.6547852
2951.2	2950.829834	2925.829834	3258.75	2910.01123
2955.6799316	2955.3098145	2930.3098145	3262.1101074	2666.6289063
2957.3400879	2956.969971	2931.969971	3262.9499512	3952.9946289
2960.1499023	2959.7797852	2934.7797852	3264.8300781	2988.895752
2963.47998	2963.109375	2938.109375	3266.530029	3917.2832031
2966.5500488	2966.1782227	2941.1782227	3268.6298828	2923.1616211
2969.6201172	2969.2473145	2944.2473145	3270.74	2908.630127
2972.6899414	2972.315918	2947.315918	3272.8400879	2922.5974121
2975.76001	2975.38501	2950.38501	3274.9399414	2922.829834
2978.8300781	2978.4538574	2953.4538574	3277.0500488	2908.95874
2981.9099121	2981.5327148	2956.5327148	3279.1499023	2932.1271973
2986.3898926	2986.0109863	2961.0109863	3282.51001	2665.6643066
2988.0500488	2987.67041	2962.67041	3283.3601074	3905.0107422
2990.8601074	2990.4802246	2965.4802246	3285.24	2989.1689453
2995.6	2995.2202148	2970.2202148	3288.1899414	3213.60376
3000.0800781	2999.7001953	2974.7001953	3291.5500488	2666.4396973
3003.4	3003.02002	2978.02002	3293.24	3928.9931641
3004.5500488	3004.170166	2979.170166	3293.6298828	5900.9956055
3006.469971	3006.0900879	2981.0900879	3294.7	3588.5632324
3009.540039	3009.1601563	2984.1601563	3296.8100586	2909.6826172
3012.6101074	3012.2302246	2987.2302246	3298.9199219	2910.3400879
3015.6799316	3015.3	2990.3	3301.02002	2923.6547852
3018.75	3018.3696289	2993.3696289	3303.1298828	2909.4577637
3021.8200684	3021.4384766	2996.4384766	3305.22998	2922.9118652
3024.8898926	3024.5073242	2999.5073242	3307.3300781	2922.3476563
3030.219971	3029.8356934	3004.8356934	3311.3300781	2664.184082
3033.8500977	3033.4646	3008.4646	3314.0500488	2668.4389648
3036.6101074	3036.2236328	3011.2236328	3315.3300781	4310.8427734
3038.3300781	3037.9431152	3012.9431152	3316.1298828	4299.0600586
3040.25	3039.8623047	3014.8623047	3316.5800781	8527.5947266
3043.0600586	3042.6713867	3017.6713867	3318.4499512	3004.5410156
3046.3898926	3046	3021	3320.1499023	3916.3186035
3049.459961	3049.0690918	3024.0690918	3322.25	2922.855957
3053.9399414	3053.5476074	3028.5476074	3325.6101074	2665.4863281
3055.6	3055.2070313	3030.2070313	3326.4499512	3952.703369
3058.4199219	3058.0258789	3033.0258789	3328.3300781	2998.4711914
3060.0800781	3059.6855469	3034.6855469	3329.1699219	3951.581543
3061.75	3061.3547363	3036.3547363	3330.030029	3882.26001
3064.5600586	3064.1638184	3039.1638184	3331.9	3004.4692383
3067.8898926	3067.4924316	3042.4924316	3333.6	3915.6760254
3074.030029	3073.6303711	3048.6303711	3337.8	2922.842041
3077.1	3076.6994629	3051.6994629	3339.9099121	2909.0397949
3080.1699219	3079.768311	3054.768311	3342.01001	2922.7109375
3084.6499023	3084.2468262	3059.2468262	3345.3701172	2665.7678223
3086.3200684	3085.9165039	3060.9165039	3346.22998	3882.9621582
3089.1298828	3088.7253418	3063.7253418	3348.1	3003.929199
3092.459961	3092.0544434	3067.0544434	3349.790039	3939.8562012
3095.530029	3095.1235352	3070.1235352	3351.9	2909.400391
3100.01001	3099.602051	3074.602051	3355.26001	2665.7678223
3101.6699219	3101.2614746	3076.2614746	3356.1	3950.015869
3104.47998	3104.0705566	3079.0705566	3357.97998	2988.5693359
3107.8100586	3107.4001465	3082.4001465	3359.6699219	3940.5478516
3112.290039	3111.880127	3086.880127	3363.040039	2658.7053223
3116.76001	3116.3500977	3091.3500977	3366.4	2660.6706543
3120.1	3119.6901855	3094.6901855	3368.0900879	3952.41748
3121.25	3120.8400879	3095.8400879	3368.47998	5899.7431641
3123.1699219	3122.76001	3097.76001	3369.5600586	3555.291748
3126.24	3125.8300781	3100.8300781	3371.6599121	2923.8874512
3130.709961	3130.3	3105.3	3375.02002	2660.6706543
3132.3798828	3131.969971	3106.969971	3375.8701172	3928.3005371
3135.1899414	3134.779541	3109.779541	3377.74	3005.4719238
3138.52002	3138.1083984	3113.1083984	3379.4499512	3893.5769043
3141.5900879	3141.17749	3116.17749	3381.5500488	2922.5102539
3144.6599121	3144.2460938	3119.2460938	3383.6499023	2922.9414063
3149.1398926	3148.724609	3123.724609	3387.01001	2665.4863281
3153.6201172	3153.203125	3128.203125	3390.3701172	2665.820801
3156.9499512	3156.5317383	3131.5317383	3392.0700684	3916.2253418
3158.0900879	3157.671631	3132.671631	3392.4499512	6001.7207031
3160.02002	3159.60083	3134.60083	3393.530029	3571.7617188
3163.0900879	3162.670166	3137.670166	3395.6398926	2909.669189
3166.1599121	3165.74	3140.74	3397.75	2909.7797852
3172.01001	3171.5900879	3146.5900879	3401.75	2924.912109
3172.3	3171.880127	3146.880127	3401.9499512	2903.369873
3176.77002	3176.3500977	3151.3500977	3405.3100586	2660.4819336
3177.6298828	3177.209961	3152.209961	3405.75	3909.515381
3178.4399414	3178.02002	3153.02002	3406.1599121	3953.0332031
3181.25	3180.8300781	3155.8300781	3408.030029	3005.1606445
3184.5800781	3184.1601563	3159.1601563	3409.72998	3917.9130859
3187.6499023	3187.22998	3162.22998	3411.8300781	2923.322998
3190.719971	3190.3	3165.3	3413.9399414	2910.3400879
3193.790039	3193.3701172	3168.3701172	3416.0500488	2910.01123
3196	3195.5800781	3170.5800781	3418.9199219	1539.9980469
