MD (m)	TVD (m)	TVDSS (m)	TWT ( ms )	Vint (m/s)
25	25	0	0	1500
25.03	25.03	0.03	3.8	15.7900925
25.46	25.46	0.46	71.8	12.6469774
25.49	25.49	0.49	75.8	15
25.75	25.75	0.75	115.8	13
25.77	25.77	0.77	119.8	10
26.44	26.44	1.44	223.8	12.884589
26.47	26.47	1.47	227.8	15
26.7	26.7	1.7	263.8	12.7778378
26.72	26.72	1.72	267.8	10
26.98	26.98	1.98	307.8	13
27.01	27.01	2.01	311.8	15
27.42	27.42	2.42	375.8	12.8125134
27.44	27.44	2.44	379.8	10
27.7	27.7	2.7	419.8	13
27.73	27.73	2.73	423.8	15
28.68	28.68	3.68	571.8	12.8378668
28.7	28.7	3.7	575.8	10
29.45	29.45	4.45	691.8	12.9310341
29.47	29.47	4.47	695.8	10
30	30	5	777.75	12.9347458
32.56	32.56	7.56	779.8	2497.5847168
35	35	10	781.75	2502.5285645
45	45	20	789.75	2500.0136719
70	70	45	809.75	2499.994873
80	80	55	817.75	2500.0136719
105	105	80	837.75	2499.994873
115	115	90	845.75	2500.0136719
145	145	120	869.75	2499.994873
150	150	125	873.75	2500.0322266
180	180	155	897.75	2499.994873
195	195	170	909.75	2500.0073242
220	220	195	929.75	2499.994873
230	230	205	937.75	2500.0136719
250	250	225	953.75	2499.994873
260	260	235	961.75	2500.0136719
280	280	255	977.75	2499.994873
310	310	285	1001.75	2500.001221
320	320	295	1009.75	2499.994873
325	325	300	1013.749939	2500.0322266
330	330	305	1017.75	2499.9577637
335	335	310	1021.75	2500.0322266
340	340	315	1025.75	2499.9577637
345	345	320	1029.75	2500.0322266
355	355	330	1037.75	2499.994873
360	360	335	1041.75	2500.0322266
365	365	340	1045.75	2499.9577637
370	370	345	1049.75	2500.0322266
375	375	350	1053.75	2499.9577637
380	380	355	1057.75	2500.0322266
390	390	365	1065.75	2499.994873
395	395	370	1069.75	2500.0322266
400	400	375	1073.75	2499.9577637
405	405	380	1077.75	2500.0322266
410	410	385	1081.75	2499.9577637
415	415	390	1085.75	2500.0322266
420	420	395	1089.75	2499.9577637
430	430	405	1097.75	2500.0322266
435	435	410	1101.75	2499.9577637
440	440	415	1105.75	2500.0322266
445	445	420	1109.75	2499.9577637
450	450	425	1113.75	2500.0322266
455	455	430	1117.75	2499.9577637
465	465	440	1125.75	2500.0322266
470	470	445	1129.75	2499.9577637
475	475	450	1133.75	2500.0322266
480	480	455	1137.75	2499.9577637
485	485	460	1141.75	2500.0322266
490	490	465	1145.75	2499.9577637
500	500	475	1153.75	2500.0322266
505	505	480	1157.75	2499.9577637
510	510	485	1161.75	2500.0322266
515	515	490	1165.75	2499.9577637
520	520	495	1169.75	2500.0322266
525	525	500	1173.75	2499.9577637
530	530	505	1177.75	2500.0322266
535	535	510	1181.75	2499.9577637
545	545	520	1189.75	2500.0322266
550	550	525	1193.75	2499.9577637
555	555	530	1197.75	2500.0322266
560	560	535	1201.75	2499.9577637
565	565	540	1205.75	2500.0322266
570	570	545	1209.75	2499.9577637
580	580	555	1217.75	2500.0322266
585	585	560	1221.75	2499.9577637
590	590	565	1225.75	2500.0322266
595	595	570	1229.75	2499.9577637
600	600	575	1233.75	2500.0322266
605	605	580	1237.75	2499.9577637
615	615	590	1245.75	2500.0322266
620	620	595	1249.75	2499.9577637
625	625	600	1253.75	2500.0322266
630	630	605	1257.75	2499.9577637
635	635	610	1261.75	2500.0322266
640	640	615	1265.75	2499.9577637
650	650	625	1273.75	2500.0322266
665	665	640	1285.75	2499.9824219
670	670	645	1289.75	2500.0322266
675	675	650	1293.75	2499.9577637
685	685	660	1301.75	2500.0322266
690	690	665	1305.75	2499.9577637
695	695	670	1309.75	2500.0322266
700	700	675	1313.75	2499.9577637
705	705	680	1317.75	2500.0322266
710	710	685	1321.75	2499.9577637
720	720	695	1329.75	2500.0322266
725	725	700	1333.75	2499.9577637
730	730	705	1337.75	2500.0322266
735	735	710	1341.75	2499.9577637
740	740	715	1345.75	2500.0322266
745	745	720	1349.75	2499.9577637
750	750	725	1353.75	2500.0322266
755	755	730	1357.75	2499.9577637
765	765	740	1365.75	2500.0322266
780	780	755	1377.75	2499.9824219
785	785	760	1381.75	2500.0322266
790	790	765	1385.75	2499.9577637
800	800	775	1393.75	2500.0322266
805	805	780	1397.75	2499.9577637
810	810	785	1401.75	2500.0322266
815	815	790	1405.75	2499.9577637
820	820	795	1409.75	2500.0322266
825	825	800	1413.75	2499.9577637
835	835	810	1421.75	2500.0322266
840	840	815	1425.75	2499.9577637
845	845	820	1429.75	2500.0322266
850	850	825	1433.75	2499.9577637
855	855	830	1437.75	2500.0322266
860	860	835	1441.75	2499.9577637
870	870	845	1449.75	2500.0322266
885	885	860	1461.75	2499.9824219
889.99	889.99	864.99	1465.75	2495.0273438
890	890	865	1465.76001	1999.2380371
894.99	894.99	869.99	1469.75	2501.2143555
895.01001	895.01001	870.01001	1469.76001	3998.4760742
900	900	875	1473.75	2501.2890625
900.01001	900.01001	875.01001	1473.76001	1999.2380371
904.99	904.99	879.99	1477.75	2496.2714844
909.99	909.99	884.99	1481.75	2499.9577637
910	910	885	1481.76001	1999.2380371
915	915	890	1485.75	2506.306641
920	920	895	1489.75	2499.9577637
924.99	924.99	899.99	1493.75	2495.0273438
929.99	929.99	904.99	1497.75	2499.9577637
930	930	905	1497.76001	1999.2380371
934.99	934.99	909.99	1501.75	2501.2890625
935.01001	935.01001	910.01001	1501.76001	3998.4760742
940	940	915	1505.75	2501.2890625
940.01001	940.01001	915.01001	1505.76001	1999.2380371
944.99	944.99	919.99	1509.75	2496.1970215
945	945	920	1509.76001	1999.2380371
949.99	949.99	924.99	1513.75	2501.2890625
950	950	925	1513.76001	1999.2380371
955.01001	955.01001	930.01001	1517.76001	2504.9624023
960	960	935	1521.75	2501.2890625
960.01001	960.01001	935.01001	1521.76001	1999.2380371
964.99	964.99	939.99	1525.75	2496.1970215
969.99	969.99	944.99	1529.75	2500.0322266
970	970	945	1529.76001	1999.2380371
974.99	974.99	949.99	1533.75	2501.2143555
975	975	950	1533.76001	2023.3253174
980	980	955	1537.76001	2499.9577637
990	990	965	1545.76001	2499.994873
995	995	970	1549.76001	2500.0322266
1005	1005	980	1557.76001	2499.994873
1010	1010	985	1561.76001	2499.9577637
1020	1020	995	1569.76001	2500.0322266
1025	1025	1000	1573.76001	2499.9577637
1045	1045	1020	1589.76001	2499.994873
1055	1055	1030	1597.76001	2500.0322266
1060	1060	1035	1601.76001	2499.9577637
1065	1065	1040	1605.76001	2500.0322266
1070	1070	1045	1609.76001	2499.9577637
1075	1075	1050	1613.76001	2500.0322266
1080	1080	1055	1617.76001	2499.9577637
1090	1090	1065	1625.76001	2500.0322266
1095	1095	1070	1629.76001	2499.9577637
1100	1100	1075	1633.76001	2500.0322266
1105	1105	1080	1637.76001	2499.9577637
1110	1110	1085	1641.76001	2500.0322266
1115	1115	1090	1645.76001	2499.9577637
1125	1125	1100	1653.76001	2500.0322266
1130	1130	1105	1657.76001	2499.9577637
1135	1135	1110	1661.76001	2500.0322266
1140	1140	1115	1665.76001	2499.9577637
1145	1145	1120	1669.76001	2500.0322266
1150	1150	1125	1673.76001	2499.9577637
1160	1160	1135	1681.76001	2500.0322266
1165	1165	1140	1685.76001	2499.9577637
1170	1170	1145	1689.76001	2500.0322266
1175	1175	1150	1693.76001	2499.9577637
1180	1180	1155	1697.76001	2500.0322266
1185	1185	1160	1701.76001	2499.9577637
1195	1195	1170	1709.76001	2500.0322266
1200	1200	1175	1713.76001	2499.9577637
1205	1205	1180	1717.76001	2500.0322266
1210	1210	1185	1721.76001	2499.9577637
1215	1215	1190	1725.76001	2500.0322266
1220	1220	1195	1729.76001	2499.9577637
1225	1225	1200	1733.76001	2500.0322266
1230	1230	1205	1737.76001	2499.9577637
1240	1240	1215	1745.76001	2500.0322266
1245	1245	1220	1749.76001	2499.9577637
1250	1250	1225	1753.76001	2500.0322266
1255	1255	1230	1757.76001	2499.9577637
1260	1260	1235	1761.76001	2500.0322266
1265	1265	1240	1765.76001	2499.9577637
1275	1275	1250	1773.76001	2500.0322266
1280	1280	1255	1777.76001	2499.9577637
1285	1285	1260	1781.76001	2500.0322266
1290	1290	1265	1785.76001	2499.9577637
1295	1295	1270	1789.76001	2500.0322266
1300	1300	1275	1793.76001	2499.9577637
1310	1310	1285	1801.76001	2500.0322266
1315	1315	1290	1805.76001	2499.9577637
1320	1320	1295	1809.76001	2500.0322266
1325	1325	1300	1813.76001	2499.9577637
1330	1330	1305	1817.76001	2500.0322266
1335	1335	1310	1821.75	2506.231689
1335.01001	1335.01001	1310.01001	1821.76001	1999.2380371
1340	1340	1315	1825.75	2501.2890625
1350	1350	1325	1833.75	2499.994873
1355	1355	1330	1837.75	2500.0322266
1360	1360	1335	1841.75	2499.9577637
1365	1365	1340	1845.75	2500.0322266
1370	1370	1345	1849.75	2499.9577637
1375	1375	1350	1853.75	2500.0322266
1385	1385	1360	1861.75	2499.994873
1390	1390	1365	1865.75	2500.0322266
1395	1395	1370	1869.75	2499.9577637
1400	1400	1375	1873.75	2500.0322266
1405	1405	1380	1877.75	2499.9577637
1410	1410	1385	1881.75	2500.0322266
1415	1415	1390	1885.75	2499.9577637
1425	1425	1400	1893.75	2500.0322266
1430	1430	1405	1897.75	2499.9577637
1435	1435	1410	1901.75	2500.0322266
1440	1440	1415	1905.75	2499.9577637
1445	1445	1420	1909.75	2500.0322266
1450	1450	1425	1913.75	2499.9577637
1460	1460	1435	1921.75	2500.0322266
1465	1465	1440	1925.75	2499.9577637
1470	1470	1445	1929.75	2500.0322266
1475	1475	1450	1933.75	2499.9577637
1479.3100586	1479.3100586	1454.3100586	1937.75	2155.0571289
1480	1480	1455	1939.01001	1095.1083984
1483.26001	1483.26001	1458.26001	1941.75	2379.547119
1483.63	1483.63	1458.63	1942.0600586	2386.5773926
1484.3199463	1484.3199463	1459.3199463	1943.3199463	1095.3156738
1485	1485	1460	1944.5699463	1088.0610352
1488.63	1488.63	1463.63	1947.63	2372.4726563
1489.3100586	1489.3100586	1464.3100586	1948.88	1088.1647949
1490	1490	1465	1950.1400146	1095.1083984
1493.63	1493.63	1468.63	1953.1899414	2380.3547363
1494.3199463	1494.3199463	1469.3199463	1954.4399414	1103.8809814
1495	1495	1470	1955.6899414	1088.1647949
1498.63	1498.63	1473.63	1958.75	2372.4726563
1499.3100586	1499.3100586	1474.3100586	1960	1088.0610352
1500	1500	1475	1961.26001	1095.2120361
1503.62	1503.62	1478.62	1964.3100586	2373.697998
1504.3100586	1504.3100586	1479.3100586	1965.5699463	1095.4057617
1505	1505	1480	1966.8299561	1095.1083984
1508.63	1508.63	1483.63	1969.88	2380.3547363
1509.3199463	1509.3199463	1484.3199463	1971.1400146	1095.1083984
1510	1510	1485	1972.3900146	1088.0610352
1513.63	1513.63	1488.63	1975.4499512	2372.6577148
1514.3100586	1514.3100586	1489.3100586	1976.7	1088.0610352
1515	1515	1490	1977.959961	1095.1083984
1518.63	1518.63	1493.63	1981.01001	2380.3547363
1519.3199463	1519.3199463	1494.3199463	1982.26001	1103.8809814
1520	1520	1495	1983.51001	1088.0610352
1523.63	1523.63	1498.63	1986.5699463	2372.5651855
1524.3100586	1524.3100586	1499.3100586	1987.8199463	1088.1647949
1525	1525	1500	1989.0799561	1095.1083984
1528.63	1528.63	1503.63	1992.13	2380.2617188
1529.3199463	1529.3199463	1504.3199463	1993.3900146	1095.2120361
1530	1530	1505	1994.6400146	1088.0610352
1533.63	1533.63	1508.63	1997.7	2372.5651855
1534.3100586	1534.3100586	1509.3100586	1998.9499512	1088.0610352
1535	1535	1510	2000.210083	1095.1083984
1538.63	1538.63	1513.63	2003.2598877	2380.4477539
1539.3199463	1539.3199463	1514.3199463	2004.5198975	1095.1083984
1540	1540	1515	2005.76001	1096.8475342
1543.63	1543.63	1518.63	2008.8300781	2364.734619
1544.3100586	1544.3100586	1519.3100586	2010.0698242	1097.0584717
1545	1545	1520	2011.329834	1095.1083984
1548.63	1548.63	1523.63	2014.38	2380.2617188
1549.3199463	1549.3199463	1524.3199463	2015.6400146	1095.1083984
1550	1550	1525	2016.8900146	1088.0610352
1553.63	1553.63	1528.63	2019.9499512	2372.6577148
1554.3100586	1554.3100586	1529.3100586	2021.2	1088.0610352
1555	1555	1530	2022.459961	1095.1083984
1558.62	1558.62	1533.62	2025.5101318	2373.697998
1559.3100586	1559.3100586	1534.3100586	2026.7701416	1095.302124
1563.3199463	1563.3199463	1538.3199463	2030.77002	2004.9696045
1563.63	1563.63	1538.63	2031.0799561	2000.7384033
1565	1565	1540	2032.969971	1449.7731934
1567.1899414	1567.1899414	1542.1899414	2034.77002	2433.1867676
1567.9399414	1567.9399414	1542.9399414	2035.3898926	2419.7907715
1569.3100586	1569.3100586	1544.3100586	2037.280029	1449.7194824
1570	1570	1545	2038.5301514	1103.8809814
1573.63	1573.63	1548.63	2041.5799561	2380.4477539
1574.3199463	1574.3199463	1549.3199463	2042.8399658	1095.1083984
1575	1575	1550	2044.0900879	1088.0610352
1578.63	1578.63	1553.63	2047.1501465	2372.4726563
1579.3100586	1579.3100586	1554.3100586	2048.4	1088.2685547
1580	1580	1555	2049.6599121	1095.1083984
1583.63	1583.63	1558.63	2052.709961	2380.2617188
1584.3199463	1584.3199463	1559.3199463	2053.969971	1095.3156738
1585	1585	1560	2055.219971	1088.0610352
1588.63	1588.63	1563.63	2058.280029	2372.4726563
1589.3100586	1589.3100586	1564.3100586	2059.530029	1088.0610352
1590	1590	1565	2060.790039	1095.1083984
1593.63	1593.63	1568.63	2063.8400879	2380.2617188
1594.3199463	1594.3199463	1569.3199463	2065.1	1095.1083984
1595	1595	1570	2066.3400879	1097.0584717
1598.63	1598.63	1573.63	2069.4	2372.6577148
1599.3100586	1599.3100586	1574.3100586	2070.6499023	1088.0610352
1600	1600	1575	2071.9099121	1095.1083984
1603.63	1603.63	1578.63	2074.959961	2380.2617188
1604.3199463	1604.3199463	1579.3199463	2076.219971	1095.1083984
1605	1605	1580	2077.469971	1088.0610352
1608.63	1608.63	1583.63	2080.530029	2372.6577148
1609.3100586	1609.3100586	1584.3100586	2081.780029	1088.0610352
1610	1610	1585	2083.040039	1095.1083984
1613.63	1613.63	1588.63	2086.0900879	2380.2617188
1614.3199463	1614.3199463	1589.3199463	2087.3500977	1095.1083984
1615	1615	1590	2088.6	1088.0610352
1618.63	1618.63	1593.63	2091.6599121	2372.6577148
1619.3100586	1619.3100586	1594.3100586	2092.9099121	1088.2685547
1620	1620	1595	2094.1599121	1103.8809814
1623.63	1623.63	1598.63	2097.209961	2380.2617188
1624.3199463	1624.3199463	1599.3199463	2098.469971	1095.1083984
1625	1625	1600	2099.719971	1088.0610352
1628.63	1628.63	1603.63	2102.780029	2372.46582
1629.3100586	1629.3098145	1604.3098145	2104.030029	1087.6815186
1630	1630	1605	2105.290039	1094.9337158
1633.63	1633.6282959	1608.6282959	2108.3400879	2379.431641
1634.3199463	1634.3179932	1609.3179932	2109.6	1094.72644
1635	1634.9978027	1609.9978027	2110.8500977	1087.6815186
1638.63	1638.6264648	1613.6264648	2113.9099121	2371.8300781
1639.3100586	1639.3062744	1614.3062744	2115.1599121	1087.6815186
1640	1639.9959717	1614.9959717	2116.4199219	1094.72644
1643.62	1643.6147461	1618.6147461	2119.469971	2373.0556641
1645	1644.9942627	1619.9942627	2121.97998	1099.190918
1648.63	1648.6230469	1623.6230469	2125.030029	2379.431641
1649.3199463	1649.3127441	1624.3127441	2126.290039	1094.72644
1650	1649.9925537	1624.9925537	2127.540039	1087.6815186
1653.6400146	1653.6312256	1628.6312256	2130.6	2378.1850586
1654.3199463	1654.3110352	1629.3110352	2131.8500977	1087.6937256
1655.01001	1655	1630	2133.1101074	1094.920166
1658.6400146	1658.63	1633.63	2136.1599121	2379.9240723
1659.3299561	1659.3199463	1634.3199463	2137.4199219	1095.1083984
1660.01001	1660	1635	2138.6699219	1088.0610352
1663.6400146	1663.63	1638.63	2141.72998	2372.4726563
1664.3199463	1664.3099365	1639.3099365	2142.97998	1087.8657227
1665.01001	1665	1640	2144.24	1095.5095215
1668.6400146	1668.63	1643.63	2147.290039	2380.2617188
1669.3299561	1669.3199463	1644.3199463	2148.5500488	1095.1083984
1670.01001	1670	1645	2149.790039	1096.8475342
1673.6400146	1673.63	1648.63	2152.8500977	2372.4726563
1674.3199463	1674.3099365	1649.3099365	2154.1	1087.8657227
1675.01001	1675	1650	2155.3601074	1095.302124
1678.6400146	1678.63	1653.63	2158.4099121	2380.633789
1679.3299561	1679.3199463	1654.3199463	2159.6699219	1095.1083984
1680.01001	1680	1655	2160.9199219	1088.0610352
1683.6400146	1683.63	1658.63	2163.97998	2372.4726563
1684.3199463	1684.3099365	1659.3099365	2165.22998	1087.8657227
1685.01001	1685	1660	2166.49	1095.302124
1688.6400146	1688.63	1663.63	2169.540039	2380.4477539
1689.3299561	1689.3199463	1664.3199463	2170.8	1095.1083984
1690.01001	1690	1665	2172.0500488	1088.0610352
1693.6400146	1693.63	1668.63	2175.1101074	2372.4726563
1694.3199463	1694.3099365	1669.3099365	2176.3601074	1087.8657227
1695.01001	1695	1670	2177.6101074	1104.0762939
1698.6400146	1698.63	1673.63	2180.6599121	2380.4477539
1699.3299561	1699.3199463	1674.3199463	2181.9199219	1095.3156738
1700.01001	1700	1675	2183.1699219	1088.0610352
1703.6400146	1703.63	1678.63	2186.22998	2372.4726563
1704.3199463	1704.3099365	1679.3099365	2187.47998	1087.8657227
1705.01001	1705	1680	2188.74	1095.302124
1708.63	1708.62	1683.62	2191.790039	2373.697998
1709.3199463	1709.3099365	1684.3099365	2193.0500488	1095.1083984
1710.01001	1710	1685	2194.3100586	1095.5095215
1713.6400146	1713.63	1688.63	2197.3601074	2380.2617188
1714.3299561	1714.3199463	1689.3199463	2198.6201172	1095.1083984
1715.01001	1715	1690	2199.8701172	1088.0610352
1718.6400146	1718.63	1693.63	2202.9299316	2372.6577148
1719.3199463	1719.3099365	1694.3099365	2204.1799316	1087.8657227
1720.01001	1720	1695	2205.4299316	1104.0762939
1723.6400146	1723.63	1698.63	2208.47998	2380.4477539
1724.3299561	1724.3199463	1699.3199463	2209.74	1095.1083984
1725.01001	1725	1700	2210.99	1088.0610352
1728.6400146	1728.63	1703.63	2214.0500488	2372.4726563
1729.3199463	1729.3099365	1704.3099365	2215.3	1087.8657227
1730.01001	1730	1705	2216.5600586	1095.302124
1733.6400146	1733.63	1708.63	2219.6101074	2380.2617188
1734.3299561	1734.3199463	1709.3199463	2220.8701172	1095.3156738
1735.01001	1735	1710	2222.1201172	1088.0610352
1738.6500244	1738.6400146	1713.6400146	2225.1799316	2379.2001953
1739.3199463	1739.3099365	1714.3099365	2226.4299316	1071.8504639
1743.3299561	1743.3199463	1718.3199463	2230.4299316	2005.03064
1743.6400146	1743.63	1718.63	2230.74	1999.2005615
1745.01001	1745	1720	2232.6298828	1449.9560547
1747.2	1747.1899414	1722.1899414	2234.4299316	2433.1867676
1747.9499512	1747.9399414	1722.9399414	2235.0500488	2418.8603516
1749.3199463	1749.3099365	1724.3099365	2236.9299316	1457.4954834
1750.01001	1750	1725	2238.1899414	1095.302124
1753.6400146	1753.63	1728.63	2241.24	2380.2617188
1754.3299561	1754.3199463	1729.3199463	2242.5	1095.1083984
1755.01001	1755	1730	2243.75	1088.0610352
1758.6400146	1758.63	1733.63	2246.8100586	2372.6577148
1759.3199463	1759.3099365	1734.3099365	2248.0600586	1087.8657227
1760.01001	1760	1735	2249.3200684	1095.302124
1763.6400146	1763.63	1738.63	2252.3701172	2380.2617188
1764.3299561	1764.3199463	1739.3199463	2253.6298828	1095.3156738
1765.01001	1765	1740	2254.8798828	1088.0610352
1768.6400146	1768.63	1743.63	2257.9399414	2372.4726563
1769.3199463	1769.3099365	1744.3099365	2259.1899414	1088.0732422
1770.01001	1770	1745	2260.4499512	1095.302124
1773.63	1773.62	1748.62	2263.5	2373.697998
1774.3199463	1774.3099365	1749.3099365	2264.75	1103.8809814
1775.01001	1775	1750	2266.01001	1095.302124
1778.6400146	1778.63	1753.63	2269.0600586	2380.2617188
1779.3299561	1779.3199463	1754.3199463	2270.3200684	1095.1083984
1780.01001	1780	1755	2271.5700684	1088.2685547
1783.6400146	1783.63	1758.63	2274.6298828	2372.6577148
1784.3199463	1784.3099365	1759.3099365	2275.8798828	1087.8657227
1785.01001	1785	1760	2277.1398926	1095.302124
1788.6400146	1788.63	1763.63	2280.1899414	2380.2617188
1789.3299561	1789.3199463	1764.3199463	2281.4499512	1095.1083984
1790.01001	1790	1765	2282.7	1088.0610352
1793.63	1793.62	1768.62	2285.76001	2366.11499
1794.3100586	1794.3	1769.3	2287.01001	1088.0610352
1795	1794.99	1769.99	2288.27002	1095.1083984
1798.63	1798.62	1773.62	2291.3200684	2380.2617188
1799.3199463	1799.3099365	1774.3099365	2292.5700684	1103.8809814
1800	1799.99	1774.99	2293.8200684	1088.0610352
1803.63	1803.62	1778.62	2296.8798828	2372.842529
1804.3100586	1804.3	1779.3	2298.1298828	1088.0610352
1805	1804.99	1779.99	2299.3898926	1095.1083984
1808.63	1808.62	1783.62	2302.4399414	2380.2617188
1809.3199463	1809.3099365	1784.3099365	2303.7	1095.1083984
1810	1809.99	1784.99	2304.9499512	1088.0610352
1813.63	1813.62	1788.62	2308.01001	2372.4726563
1814.3100586	1814.3	1789.3	2309.26001	1088.2685547
1815	1814.99	1789.99	2310.52002	1095.1083984
1818.63	1818.62	1793.62	2313.5700684	2380.2617188
1819.3199463	1819.3099365	1794.3099365	2314.8300781	1095.1083984
1820	1819.99	1794.99	2316.0800781	1088.0610352
1823.63	1823.62	1798.62	2319.1398926	2372.6577148
1824.3100586	1824.3	1799.3	2320.3798828	1096.8475342
1825	1824.99	1799.99	2321.6398926	1095.3156738
1828.63	1828.62	1803.62	2324.6899414	2380.2617188
1829.3199463	1829.3099365	1804.3099365	2325.9499512	1095.1083984
1830	1829.99	1804.99	2327.2	1088.0610352
1833.63	1833.62	1808.62	2330.26001	2372.4726563
1834.3100586	1834.3	1809.3	2331.51001	1088.0610352
1835	1834.99	1809.99	2332.77002	1095.1083984
1838.63	1838.62	1813.62	2335.8200684	2380.4477539
1839.3199463	1839.3099365	1814.3099365	2337.0800781	1095.1083984
1840	1839.99	1814.99	2338.3300781	1088.0610352
1843.63	1843.62	1818.62	2341.3898926	2372.6577148
1844.3100586	1844.3	1819.3	2342.6398926	1088.0610352
1845	1844.99	1819.99	2343.9	1095.1083984
1848.62	1848.6099854	1823.6099854	2346.9499512	2373.697998
1849.3100586	1849.3	1824.3	2348.2	1104.2868652
1850	1849.99	1824.99	2349.459961	1095.1083984
1853.63	1853.62	1828.62	2352.51001	2380.2617188
1854.3199463	1854.3099365	1829.3099365	2353.77002	1095.1083984
1855	1854.99	1829.99	2355.02002	1088.0610352
1858.63	1858.62	1833.62	2358.0800781	2372.4726563
1859.3100586	1859.3	1834.3	2359.3300781	1088.0610352
1860	1859.99	1834.99	2360.5900879	1095.3156738
1863.63	1863.62	1838.62	2363.6398926	2380.4477539
1864.3199463	1864.3099365	1839.3099365	2364.9	1095.1083984
1865	1864.99	1839.99	2366.1499023	1088.0610352
1868.63	1868.62	1843.62	2369.209961	2372.4726563
1869.3100586	1869.3	1844.3	2370.459961	1088.0610352
1870	1869.99	1844.99	2371.719971	1095.1083984
1873.63	1873.62	1848.62	2374.77002	2380.4477539
1874.3199463	1874.3099365	1849.3099365	2376.02002	1103.8809814
1875	1874.99	1849.99	2377.27002	1088.0610352
1878.63	1878.62	1853.62	2380.3300781	2372.4726563
1879.3100586	1879.3	1854.3	2381.5800781	1088.0610352
1880	1879.99	1854.99	2382.8400879	1095.1083984
1883.63	1883.62	1858.62	2385.8898926	2380.4477539
1884.3199463	1884.3099365	1859.3099365	2387.1499023	1095.3156738
1885	1884.99	1859.99	2388.4	1088.0610352
1888.63	1888.62	1863.62	2391.459961	2372.4726563
1889.3100586	1889.3	1864.3	2392.709961	1088.0610352
1890	1889.99	1864.99	2393.969971	1095.1083984
1893.63	1893.62	1868.62	2397.02002	2380.2617188
1894.3199463	1894.3099365	1869.3099365	2398.280029	1095.1083984
1895	1894.99	1869.99	2399.530029	1088.2685547
1898.63	1898.62	1873.62	2402.5900879	2372.4726563
1899.3100586	1899.3	1874.3	2403.8300781	1096.8475342
1900	1899.99	1874.99	2405.0900879	1095.1083984
1903.63	1903.62	1878.62	2408.1398926	2380.4477539
1904.3199463	1904.3099365	1879.3099365	2409.4	1095.1083984
1905	1904.99	1879.99	2410.6499023	1088.0610352
1908.6400146	1908.63	1883.63	2413.709961	2379.2001953
1909.3100586	1909.3	1884.3	2414.959961	1072.0457764
1913.3199463	1913.3099365	1888.3099365	2418.959961	2004.9696045
1913.63	1913.62	1888.62	2419.27002	1999.2005615
1915	1914.99	1889.99	2421.1599121	1449.7731934
1917.1899414	1917.1799316	1892.1799316	2422.959961	2433.1867676
1917.9399414	1917.9299316	1892.9299316	2423.5800781	2418.8603516
1919.3100586	1919.3	1894.3	2425.469971	1450.0853271
1920	1919.99	1894.99	2426.72998	1095.1083984
1923.62	1923.6099854	1898.6099854	2429.780029	2373.697998
1925	1924.99	1899.99	2432.290039	1099.5744629
1928.63	1928.62	1903.62	2435.3400879	2380.2617188
1929.3199463	1929.3099365	1904.3099365	2436.6	1095.1083984
1930	1929.99	1904.99	2437.8500977	1088.2685547
1933.63	1933.62	1908.62	2440.9099121	2372.6577148
1934.3100586	1934.3	1909.3	2442.1599121	1088.0610352
1935	1934.99	1909.99	2443.4199219	1095.1083984
1938.63	1938.62	1913.62	2446.469971	2380.2617188
1939.3199463	1939.3099365	1914.3099365	2447.72998	1095.1083984
1940	1939.989624	1914.989624	2448.97998	1087.541626
1943.6400146	1943.6276855	1918.6276855	2452.040039	2377.9128418
1944.3199463	1944.307251	1919.307251	2453.290039	1087.2771
1945.01001	1944.9969482	1919.9969482	2454.5500488	1094.7095947
1948.6400146	1948.625	1923.625	2457.6	2378.973877
1949.3299561	1949.3145752	1924.3145752	2458.8601074	1094.515869
1950.01001	1949.9942627	1924.9942627	2460.1	1096.2540283
1953.6400146	1953.6223145	1928.6223145	2463.1599121	2371.5585938
1954.3199463	1954.30188	1929.30188	2464.4099121	1087.2771
1955.01001	1954.9915771	1929.9915771	2465.6699219	1094.7095947
1958.6400146	1958.62	1933.62	2468.719971	2379.2363281
1959.3299561	1959.3099365	1934.3099365	2469.97998	1095.1083984
1960.01001	1959.99	1934.99	2471.22998	1088.0610352
1963.6400146	1963.62	1938.62	2474.290039	2372.4726563
1964.3199463	1964.3	1939.3	2475.540039	1088.0732422
1965.01001	1964.99	1939.99	2476.8	1095.302124
1968.6400146	1968.62	1943.62	2479.8500977	2380.2617188
1969.3299561	1969.3099365	1944.3099365	2481.1101074	1095.1083984
1970.01001	1969.99	1944.99	2482.3601074	1088.0610352
1973.6400146	1973.62	1948.62	2485.4199219	2372.6577148
1974.3199463	1974.3	1949.3	2486.6699219	1087.8657227
1975.01001	1974.99	1949.99	2487.9199219	1104.2868652
1978.63	1978.6099854	1953.6099854	2490.969971	2373.697998
1980.01001	1979.99	1954.99	2493.49	1095.2053223
1983.6400146	1983.62	1958.62	2496.540039	2380.2617188
1984.3299561	1984.3099365	1959.3099365	2497.8	1095.1083984
1985.01001	1984.99	1959.99	2499.0500488	1088.0610352
1988.6400146	1988.62	1963.62	2502.1101074	2372.6577148
1989.3199463	1989.3	1964.3	2503.3601074	1087.8657227
1990.01001	1989.99	1964.99	2504.6201172	1095.302124
1993.6400146	1993.62	1968.62	2507.6699219	2380.4477539
1994.3299561	1994.3099365	1969.3099365	2508.9299316	1095.1083984
1995.01001	1994.99	1969.99	2510.1799316	1088.0610352
1998.6400146	1998.62	1973.62	2513.24	2372.4726563
1999.3199463	1999.3	1974.3	2514.49	1088.0732422
2000.01001	1999.99	1974.99	2515.74	1104.0762939
2003.63	2003.6099854	1978.6099854	2518.790039	2373.697998
2004.3199463	2004.3	1979.3	2520.0500488	1095.1083984
2008.3299561	2008.3099365	1983.3099365	2524.0500488	2005.03064
2008.6400146	2008.62	1983.62	2524.3601074	1999.2005615
2010.01001	2009.99	1984.99	2526.25	1449.9560547
2012.2	2012.1799316	1987.1799316	2528.0500488	2433.1867676
2012.959961	2012.9399414	1987.9399414	2528.6699219	2452.0861816
2014.3299561	2014.3099365	1989.3099365	2530.5600586	1449.590332
2015.01001	2014.99	1989.99	2531.8100586	1088.0610352
2018.6400146	2018.62	1993.62	2534.8701172	2372.4726563
2019.3199463	2019.3	1994.3	2536.1201172	1087.8657227
2020.01001	2019.99	1994.99	2537.3798828	1095.5095215
2023.6400146	2023.62	1998.62	2540.4299316	2380.4477539
2024.3299561	2024.3099365	1999.3099365	2541.6899414	1095.1083984
2025.01001	2024.99	1999.99	2542.9399414	1088.0610352
2028.6400146	2028.62	2003.62	2546	2372.4726563
2029.3199463	2029.3	2004.3	2547.24	1096.6506348
2030.01001	2029.99	2004.99	2548.5	1095.302124
2033.6400146	2033.62	2008.62	2551.5500488	2380.2617188
2034.3299561	2034.3099365	2009.3099365	2552.8100586	1095.3156738
2035.01001	2034.99	2009.99	2554.0600586	1088.0610352
2038.6400146	2038.62	2013.62	2557.1201172	2372.4726563
2039.3199463	2039.3	2014.3	2558.3701172	1087.8657227
2040.01001	2039.99	2014.99	2559.6298828	1095.5095215
2043.6400146	2043.62	2018.62	2562.6799316	2380.2617188
2044.3299561	2044.3099365	2019.3099365	2563.9399414	1095.1083984
2045.01001	2044.99	2019.99	2565.1899414	1088.2685547
2048.6398926	2048.619873	2023.619873	2568.25	2372.3930664
2049.3200684	2049.3	2024.3	2569.5	1088.2563477
2050.01001	2049.99	2024.99	2570.76001	1095.1083984
2053.6298828	2053.6098633	2028.6098633	2573.8100586	2373.6181641
2054.3200684	2054.3	2029.3	2575.0600586	1104.2716064
2055.01001	2054.99	2029.99	2576.3200684	1095.1083984
2058.6398926	2058.619873	2033.619873	2579.3701172	2380.3676758
2059.3300781	2059.3100586	2034.3100586	2580.6298828	1095.7032471
2060.01001	2059.99	2034.99	2581.8798828	1087.8657227
2063.6398926	2063.619873	2038.619873	2584.9399414	2372.3930664
2064.3200684	2064.3	2039.3	2586.1899414	1088.2563477
2065.01001	2064.99	2039.99	2587.4499512	1095.1083984
2068.6398926	2068.619873	2043.619873	2590.5	2380.181641
2069.3300781	2069.3100586	2044.3100586	2591.72998	1122.4691162
2070.01001	2069.99	2044.99	2592.1799316	3021.0168457
2073.6398926	2073.619873	2048.619873	2595.6	2122.66748
2074.3200684	2074.3	2049.3	2596.0500488	3023.703125
2078.6398926	2078.619873	2053.619873	2600.01001	2181.7875977
2082.9499512	2082.9299316	2057.9299316	2603.959961	2182.2424316
2085.01001	2084.99	2059.99	2605.75	2301.6813965
2087.27002	2087.25	2062.25	2607.9399414	2064.0539551
2089.3300781	2089.3100586	2064.3100586	2609.719971	2314.6296387
2090.01001	2089.99	2064.99	2610.24	2615.1672363
2093.6398926	2093.619873	2068.619873	2613.709961	2092.1853027
2094.3200684	2094.3	2069.3	2614.209961	2720.900391
2098.6599121	2098.6398926	2073.6398926	2618.1799316	2186.23877
2098.719971	2098.7	2073.7	2618.1799316	2205.6542969
2102.9499512	2102.9299316	2077.9299316	2622.0700684	2174.776123
2102.969971	2102.9499512	2077.9499512	2622.1499023	501.3014832
2103.1201172	2103.1	2078.1	2622.22998	3748.5715332
2105.01001	2104.99	2079.99	2623.8798828	2290.9780273
2107.27002	2107.25	2082.25	2626.0700684	2063.8293457
2109.3300781	2109.3100586	2084.3100586	2627.8601074	2301.6813965
2110.01001	2109.99	2084.99	2628.3701172	2666.51709
2113.6398926	2113.619873	2088.619873	2631.8300781	2098.2402344
2114.3200684	2114.3	2089.3	2632.3500977	2614.907471
2118.6398926	2118.619873	2093.619873	2636.3100586	2181.7875977
2122.9499512	2122.9299316	2097.9299316	2640.25	2187.9208984
2125.01001	2124.99	2099.99	2642.0500488	2288.8774414
2127.26001	2127.24	2102.24	2644.24	2054.912109
2129.3200684	2129.3	2104.3	2646.02002	2314.6296387
2130.01001	2129.99	2104.99	2646.5500488	2603.5302734
2133.6398926	2133.619873	2108.619873	2650.01001	2098.0957031
2134.3300781	2134.3100586	2109.3100586	2650.52002	2706.7302246
2135.01001	2134.99	2109.99	2651.040039	2615.1672363
2138.6398926	2138.619873	2113.619873	2654.5	2098.2402344
2139.3200684	2139.3	2114.3	2655.01001	2667.474609
2140.01001	2139.99	2114.99	2655.540039	2603.5302734
2143.6398926	2143.619873	2118.619873	2658.99	2104.3305664
2144.3300781	2144.3100586	2119.3100586	2659.51001	2654.6062012
2145.01001	2144.99	2119.99	2660.030029	2613.96875
2148.6398926	2148.619873	2123.619873	2663.49	2098.2402344
2149.3200684	2149.3	2124.3	2664.01001	2616.1064453
2150.01001	2149.99	2124.99	2664.52002	2705.7727051
2153.6398926	2153.619873	2128.619873	2667.97998	2098.2402344
2154.3300781	2154.3100586	2129.3100586	2668.51001	2604.45166
2158.6398926	2158.619873	2133.619873	2672.4499512	2187.664551
2162.959961	2162.9399414	2137.9399414	2676.4099121	2181.9111328
2165.01001	2164.99	2139.99	2678.1899414	2303.3828125
2167.27002	2167.25	2142.25	2680.3898926	2054.6586914
2169.3200684	2169.3	2144.3	2682.1699219	2303.3828125
2170.01001	2169.99	2144.99	2682.6899414	2653.6672363
2173.6298828	2173.6098633	2148.6098633	2686.1499023	2092.4543457
2174.3200684	2174.3	2149.3	2686.6699219	2654.6062012
2178.6398926	2178.619873	2153.619873	2690.6201172	2187.0549316
2180.01001	2179.99	2154.99	2691.77002	2383.034668
2182.959961	2182.9399414	2157.9399414	2694.6	2084.7502441
2184.3300781	2184.3100586	2159.3100586	2695.75	2383.034668
2185.01001	2184.99	2159.99	2696.26001	2666.51709
2188.6398926	2188.619873	2163.619873	2699.72998	2092.1853027
2189.3200684	2189.3	2164.3	2700.24	2667.474609
2193.6298828	2193.6098633	2168.6098633	2704.2	2176.6010742
2195.01001	2194.99	2169.99	2705.3500977	2399.9470215
2197.9499512	2197.9299316	2172.9299316	2708.1699219	2085.22998
2199.3300781	2199.3100586	2174.3100586	2709.3400879	2358.87207
2200.01001	2199.99	2174.99	2709.8400879	2719.923584
2203.6398926	2203.619873	2178.619873	2713.3100586	2092.1853027
2204.3200684	2204.3	2179.3	2713.8300781	2616.1064453
2205.01001	2204.99	2179.99	2714.3400879	2705.7727051
2208.6398926	2208.619873	2183.619873	2717.8	2098.0957031
2209.3300781	2209.3100586	2184.3100586	2718.3200684	2654.6062012
2213.6599121	2213.6398926	2188.6398926	2722.3	2175.8388672
2217.8798828	2217.8598633	2192.8598633	2726.26001	2131.3552246
2217.9399414	2217.9199219	2192.9199219	2726.26001	2406.8964844
2220.01001	2219.99	2194.99	2728.030029	2339.0344238
2222.1499023	2222.1298828	2197.1298828	2730.22998	1945.244873
2222.27002	2222.25	2197.25	2730.22998	2438.3435059
2224.3200684	2224.3	2199.3	2732.01001	2303.3828125
2225.01001	2224.99	2199.99	2732.530029	2653.6672363
2228.6398926	2228.619873	2203.619873	2735.99	2098.2402344
2229.3300781	2229.3100586	2204.3100586	2736.51001	2654.6062012
2230.01001	2229.99	2204.99	2737.030029	2615.1672363
2233.6499023	2233.6298828	2208.6298828	2740.49	2104.0263672
2234.3200684	2234.3	2209.3	2741	2628.21875
2238.6398926	2238.619873	2213.619873	2744.9499512	2187.1867676
2240.01001	2239.99	2214.99	2746.1	2382.5405273
2242.9499512	2242.9299316	2217.9299316	2748.9399414	2070.5244141
2244.3200684	2244.3	2219.3	2750.0800781	2403.4663086
2245.01001	2244.99	2219.99	2750.6	2653.6672363
2248.6298828	2248.6098633	2223.6098633	2754.0700684	2086.4157715
2249.3200684	2249.3	2224.3	2754.5800781	2706.7302246
2253.6398926	2253.619873	2228.619873	2758.540039	2181.65625
2257.9499512	2257.9299316	2232.9299316	2762.49	2182.3740234
2260.01001	2259.99	2234.99	2764.280029	2301.6813965
2262.27002	2262.25	2237.25	2766.469971	2064.0539551
2264.3300781	2264.3100586	2239.3100586	2768.25	2314.6296387
2265.01001	2264.99	2239.99	2768.77002	2615.1672363
2268.6499023	2268.6298828	2243.6298828	2772.24	2097.95459
2269.3200684	2269.3	2244.3	2772.74	2680.8583984
2273.6398926	2273.619873	2248.619873	2776.7	2181.65625
2275.01001	2274.99	2249.99	2777.8601074	2361.9760742
2277.9499512	2277.9299316	2252.9299316	2780.6799316	2085.22998
2279.3200684	2279.3	2254.3	2781.8300781	2382.5405273
2280.01001	2279.99	2254.99	2782.3500977	2653.6672363
2283.6298828	2283.6098633	2258.6098633	2785.8100586	2092.4543457
2284.3200684	2284.3	2259.3	2786.3300781	2654.6062012
2288.6398926	2288.619873	2263.619873	2790.280029	2187.1867676
2290.01001	2289.99	2264.99	2791.4299316	2383.034668
2292.959961	2292.9399414	2267.9399414	2794.27002	2077.3996582
2294.3300781	2294.3100586	2269.3100586	2795.4099121	2403.9689941
2295.01001	2294.99	2269.99	2795.9199219	2666.51709
2298.6398926	2298.619873	2273.619873	2799.4	2086.165039
2299.3200684	2299.3	2274.3	2799.9	2720.900391
2300.01001	2299.99	2274.99	2800.4199219	2653.6672363
2303.6398926	2303.619873	2278.619873	2803.8798828	2098.0957031
2304.3300781	2304.3100586	2279.3100586	2804.4	2654.6062012
2308.6398926	2308.619873	2283.619873	2808.3601074	2176.6010742
2312.959961	2312.9399414	2287.9399414	2812.3	2193.0021973
2315.01001	2314.99	2289.99	2814.0900879	2290.4975586
2317.27002	2317.25	2292.25	2816.290039	2054.4360352
2319.3200684	2319.3	2294.3	2818.0700684	2303.3828125
2320.01001	2319.99	2294.99	2818.5900879	2653.6672363
2323.6298828	2323.6098633	2298.6098633	2822.0500488	2092.4543457
2324.3200684	2324.3	2299.3	2822.5700684	2654.6062012
2328.6398926	2328.619873	2303.619873	2826.52002	2187.3188477
2332.9499512	2332.9299316	2307.9299316	2830.469971	2182.2424316
2335.01001	2334.99	2309.99	2832.26001	2301.9880371
2337.27002	2337.25	2312.25	2834.459961	2054.4360352
2339.3300781	2339.3100586	2314.3100586	2836.24	2314.6296387
2340.01001	2339.99	2314.99	2836.75	2666.51709
2343.6499023	2343.6298828	2318.6298828	2840.22998	2091.9177246
2344.3300781	2344.3100586	2319.3100586	2840.72998	2720.900391
2348.6398926	2348.619873	2323.619873	2844.6899414	2176.7321777
2350.01001	2349.99	2324.99	2845.8300781	2403.4663086
2352.9499512	2352.9299316	2327.9299316	2848.6599121	2077.67627
2354.3200684	2354.3	2329.3	2849.8200684	2361.9760742
2355.01001	2354.99	2329.99	2850.3300781	2705.7727051
2358.6398926	2358.619873	2333.619873	2853.790039	2098.2402344
2359.3300781	2359.3100586	2334.3100586	2854.3200684	2604.45166
2363.6398926	2363.619873	2338.619873	2858.27002	2182.2504883
2367.959961	2367.9399414	2342.9399414	2862.219971	2187.3105469
2370.01001	2369.99	2344.99	2864.01001	2290.4975586
2372.27002	2372.25	2347.25	2866.2	2064.0539551
2374.3200684	2374.3	2349.3	2867.97998	2303.3828125
2375.01001	2374.99	2349.99	2868.5	2653.6672363
2378.6398926	2378.619873	2353.619873	2871.959961	2098.2402344
2379.3300781	2379.3100586	2354.3100586	2872.47998	2654.6062012
2380.01001	2379.99	2354.99	2872.99	2666.51709
2383.6398926	2383.619873	2358.619873	2876.459961	2092.0415039
2384.3200684	2384.3	2359.3	2876.969971	2667.474609
2385.01001	2384.99	2359.99	2877.49	2653.6672363
2388.6398926	2388.619873	2363.619873	2880.9499512	2098.2402344
2389.3300781	2389.3100586	2364.3100586	2881.459961	2706.7302246
2390.01001	2389.99	2364.99	2881.97998	2615.1672363
2393.6398926	2393.619873	2368.619873	2885.4499512	2092.1853027
2394.3200684	2394.3	2369.3	2885.9499512	2720.900391
2395.01001	2394.99	2369.99	2886.47998	2602.359619
2398.6298828	2398.6098633	2373.6098633	2889.9399414	2092.4543457
2399.3200684	2399.3	2374.3	2890.459961	2654.6062012
2400.01001	2399.99	2374.99	2890.97998	2653.6672363
2403.6398926	2403.619141	2378.619141	2894.4399414	2097.7807617
2404.3300781	2404.309082	2379.309082	2894.959961	2653.6638184
2405.01001	2404.98877	2379.98877	2895.469971	2665.5705566
2408.6398926	2408.6171875	2383.6171875	2898.9299316	2097.4956055
2409.3200684	2409.297119	2384.297119	2899.4499512	2613.979248
2410.01001	2409.9868164	2384.9868164	2899.969971	2652.7250977
2413.6398926	2413.6154785	2388.6154785	2903.4199219	2103.58374
2414.3300781	2414.30542	2389.30542	2903.9499512	2603.5271
2415.01001	2414.9851074	2389.9851074	2904.459961	2665.5705566
2418.6499023	2418.623779	2393.623779	2907.9199219	2103.279541
2419.3300781	2419.303711	2394.303711	2908.4399414	2615.1777344
2423.6499023	2423.62207	2398.62207	2912.3898926	2186.4104
2425.02002	2424.991699	2399.991699	2913.540039	2381.6948242
2427.959961	2427.93042	2402.93042	2916.3701172	2076.938721
2429.3300781	2429.3	2404.3	2917.51001	2403.1157227
2430.02002	2429.9892578	2404.9892578	2918.040039	2600.376221
2433.6599121	2433.6228027	2408.6228027	2921.5	2100.3186035
2434.3500977	2434.3117676	2409.3117676	2922.02002	2649.9279785
2435.030029	2434.9904785	2409.9904785	2922.530029	2661.8178711
2438.6699219	2438.6240234	2413.6240234	2926	2094.1135254
2439.3500977	2439.3029785	2414.3029785	2926.51001	2662.7736816
2443.6699219	2443.61499	2418.61499	2930.459961	2183.4641113
2447.99	2447.92749	2422.92749	2934.4099121	2183.5876465
2452.3200684	2452.25	2427.25	2938.3701172	2182.849609
2455.0600586	2454.9851074	2429.9851074	2940.790039	2260.7348633
2456.6398926	2456.5622559	2431.5622559	2942.3400879	2034.6436768
2459.3898926	2459.302002	2434.302002	2944.77002	2255.0407715
2460.0800781	2459.9882813	2434.9882813	2945.290039	2639.7634277
2463.72998	2463.61792	2438.61792	2948.74	2104.1054688
2464.4299316	2464.3139648	2439.3139648	2949.27002	2626.5344238
2465.1101074	2464.9902344	2439.9902344	2949.77002	2705.6870117
2468.76001	2468.619873	2443.619873	2953.24	2091.9614258
2469.4399414	2469.2958984	2444.2958984	2953.76001	2600.545166
2470.1298828	2469.9819336	2444.9819336	2954.27002	2689.3867188
2473.77002	2473.6018066	2448.6018066	2957.72998	2092.4025879
2474.469971	2474.2978516	2449.2978516	2958.26001	2626.5344238
2475.1599121	2474.9838867	2449.9838867	2958.77002	2690.644043
2478.8100586	2478.6135254	2453.6135254	2962.24	2092.1013184
2479.51001	2479.30957	2454.30957	2962.76001	2677.1142578
2480.1899414	2479.98584	2454.98584	2963.26001	2704.71582
2483.8400879	2483.6154785	2458.6154785	2966.74	2086.0812988
2484.530029	2484.3015137	2459.3015137	2967.24	2743.2255859
2485.219971	2484.987793	2459.987793	2967.76001	2638.82959
2488.8798828	2488.6123047	2463.6123047	2971.22998	2089.1274414
2489.5800781	2489.3039551	2464.3039551	2971.74	2712.7207031
2490.27002	2489.9855957	2464.9855957	2972.25	2672.9946289
2493.9499512	2493.62085	2468.62085	2975.72998	2089.30835
2494.6398926	2494.30249	2469.30249	2976.22998	2726.5310059
2499	2498.6098633	2473.6098633	2980.1899414	2175.325439
2500.3898926	2499.98291	2474.98291	2981.3400879	2387.6496582
2503.3701172	2502.927002	2477.927002	2984.1599121	2088.1950684
2504.75	2504.290039	2479.290039	2985.3200684	2349.994141
2505.4499512	2504.981689	2479.981689	2985.8300781	2711.7749023
2509.1298828	2508.6169434	2483.6169434	2989.3	2095.337891
2509.8300781	2509.3085938	2484.3085938	2989.8200684	2660.4812012
2510.52002	2509.9902344	2484.9902344	2990.3200684	2726.5310059
2513.4499512	2512.8847656	2487.8847656	2994.26001	1469.2185059
2514.1899414	2513.6157227	2488.6157227	2995.209961	1539.22937
2514.8798828	2514.2973633	2489.2973633	2997.1899414	688.4450073
2515.209961	2514.623291	2489.623291	2998.0900879	724.5968628
2515.5800781	2514.9882813	2489.9882813	2999.1201172	708.5302124
2518.540039	2517.8876953	2492.8876953	3003.0600586	1471.8461914
2519.280029	2518.6125488	2493.6125488	3004	1542.5074463
2519.99	2519.3081055	2494.3081055	3005.99	698.9111328
2520.6799316	2519.9838867	2494.9838867	3006.4099121	3219.3688965
2521.22998	2520.5227051	2495.5227051	3006.8300781	2565.152832
2524.3898926	2523.61792	2498.61792	3009.47998	2336.0571289
2525.0900879	2524.3039551	2499.3039551	3009.6499023	8069.5175781
2525.790039	2524.989502	2499.989502	3009.8200684	8066.7041016
2529.49	2528.61377	2503.61377	3012.9499512	2315.876221
2530.2	2529.3093262	2504.3093262	3013.1201172	8170.6035156
2530.8898926	2529.9851074	2504.9851074	3013.290039	7962.512207
2534.6	2533.6193848	2508.6193848	3016.4199219	2322.294189
2535.290039	2534.29541	2509.29541	3016.8300781	3296.1098633
2539.6899414	2538.6052246	2513.6052246	3020.7	2227.3522949
2541.1	2539.9865723	2514.9865723	3021.76001	2606.2475586
2544.1298828	2542.9282227	2517.9282227	3024.5	2147.2241211
2545.5600586	2544.3122559	2519.3122559	3025.3300781	3334.4956055
2550.01001	2548.6188965	2523.6188965	3029.0800781	2296.80249
2555.1699219	2553.6125488	2528.6125488	3032.8798828	2628.4833984
2555.8898926	2554.3093262	2529.3093262	3033.25	3763.681641
2556.5900879	2554.987061	2529.987061	3033.6101074	3764.5385742
2560.3500977	2558.6259766	2533.6259766	3037.6101074	1819.4669189
2561.0500488	2559.3032227	2534.3032227	3037.969971	3763.2260742
2565.5	2563.6098633	2538.6098633	3041.99	2142.6015625
2566.9199219	2564.984131	2539.984131	3042.99	2748.5620117
2569.959961	2567.92627	2542.92627	3046.3701172	1740.8619385
2571.3701172	2569.2910156	2544.2910156	3047.3601074	2756.606689
2572.0900879	2569.9831543	2544.9831543	3047.719971	3847.6103516
2575.8898926	2573.6152344	2548.6152344	3051.719971	1816.1097412
2576.6101074	2574.303711	2549.303711	3052.0900879	3718.6538086
2577.3200684	2574.9821777	2549.9821777	3052.4499512	3772.5964355
2581.1201172	2578.6147461	2553.6147461	3056.4499512	1816.22644
2581.8300781	2579.2932129	2554.2932129	3056.8100586	3767.6027832
2586.3500977	2583.6140137	2558.6140137	3060.8300781	2149.57251
2587.780029	2584.9807129	2559.9807129	3061.8300781	2733.8959961
2590.8601074	2587.9250488	2562.9250488	3065.209961	1742.2205811
2592.3	2589.3015137	2564.3015137	3066.1899414	2808.616699
2593.02002	2589.989502	2564.989502	3066.5600586	3719.78833
2596.8200684	2593.62207	2568.62207	3070.5600586	1816.22644
2597.540039	2594.3103027	2569.3103027	3070.9299316	3719.78833
2598.25	2594.98877	2569.98877	3071.280029	3877.96167
2602.0900879	2598.614502	2573.614502	3075.290039	1808.3669434
2602.8100586	2599.2927246	2574.2927246	3075.6499023	3766.9123535
2603.540039	2599.9802246	2574.9802246	3076.01001	3819.2839355
2607.3898926	2603.605957	2578.605957	3080.01001	1812.9154053
2608.1201172	2604.2937012	2579.2937012	3080.3798828	3717.1696777
2612.7	2608.6069336	2583.6069336	3084.4	2145.9226074
2614.1599121	2609.9819336	2584.9819336	3085.4	2750.1757813
2617.280029	2612.92041	2587.92041	3088.77002	1743.9046631
2618.74	2614.29541	2589.29541	3089.76001	2777.32666
2619.469971	2614.98291	2589.98291	3090.1298828	3718.3227539
2623.3200684	2618.6088867	2593.6088867	3094.1298828	1813.0303955
2624.0600586	2619.3059082	2594.3059082	3094.5	3764.4555664
2624.780029	2619.9838867	2594.9838867	3094.8400879	3988.8061523
2628.6599121	2623.61792	2598.61792	3098.8601074	1807.9909668
2629.3898926	2624.291748	2599.291748	3099.209961	3849.7351074
2630.1398926	2624.9838867	2599.9838867	3099.5800781	3741.237061
2634.0700684	2628.611084	2603.611084	3103.5800781	1813.607666
2634.8200684	2629.3032227	2604.3032227	3103.9399414	3845.2978516
2635.5600586	2629.986084	2604.986084	3104.3	3793.9772949
2639.5	2633.6223145	2608.6223145	3108.3	1818.1141357
2640.22998	2634.2961426	2609.2961426	3108.6599121	3742.6564941
2640.97998	2634.9882813	2609.9882813	3109.030029	3741.237061
2644.9099121	2638.6152344	2613.6152344	3112.3500977	2184.9196777
2650.3300781	2643.6174316	2618.6174316	3115.0700684	3677.991211
2655.74	2648.6103516	2623.6103516	3117.780029	3684.9213867
2661.25	2653.612061	2628.612061	3120.49	3691.196289
2666.8	2658.6169434	2633.6169434	3123.530029	3292.883789
2672.3400879	2663.612793	2638.612793	3126.24	3686.86084
2677.8798828	2668.6083984	2643.6083984	3128.9399414	3700.6977539
2683.4299316	2673.6135254	2648.6135254	3131.6599121	3679.925293
2689.0600586	2678.60498	2653.60498	3134.3701172	3683.6518555
2694.76001	2683.6118164	2658.6118164	3137.0800781	3694.9196777
2700.4499512	2688.6098633	2663.6098633	3139.790039	3688.7553711
2706.1499023	2693.616699	2668.616699	3142.49	3708.9501953
2711.8400879	2698.6147461	2673.6147461	3145.209961	3675.010498
2717.6298828	2703.61499	2678.61499	3148.4499512	3086.6271973
2718.4299316	2704.303711	2679.303711	3148.6899414	5738.480957
2719.219971	2704.984131	2679.984131	3148.9199219	5919.45166
2723.4399414	2708.6176758	2683.6176758	3152.8798828	1835.057739
2724.22998	2709.2978516	2684.2978516	3153.1699219	4692.7231445
2725.030029	2709.9868164	2684.9868164	3153.49	4302.79248
2729.24	2713.6115723	2688.6115723	3157.4399414	1835.456665
2730.040039	2714.3005371	2689.3005371	3157.75	4445.1157227
2730.8300781	2714.9807129	2689.9807129	3158.0500488	4532.4472656
2735.0500488	2718.6142578	2693.6142578	3162.01001	1835.1682129
2735.8400879	2719.2944336	2694.2944336	3162.3100586	4532.4472656
2736.6398926	2719.9831543	2694.9831543	3162.6101074	4592.1201172
2740.8601074	2723.6169434	2698.6169434	3166.5700684	1835.16394
2741.6599121	2724.3056641	2699.3056641	3166.8798828	4447.1801758
2742.459961	2724.9865723	2699.9865723	3167.1799316	4541.3774414
2746.719971	2728.61084	2703.61084	3171.1398926	1830.3322754
2747.52002	2729.2915039	2704.2915039	3171.4399414	4538.6303711
2748.3300781	2729.9807129	2704.9807129	3171.75	4443.5297852
2752.6	2733.6132813	2708.6132813	3175.6899414	1844.0698242
2753.4099121	2734.3022461	2709.3022461	3176.01001	4306.4755859
2754.209961	2734.98291	2709.98291	3176.3100586	4535.025391
2758.47998	2738.6157227	2713.6157227	3179.8	2081.7907715
2764.3500977	2743.609619	2718.609619	3182.9499512	3170.7878418
2770.26001	2748.6135254	2723.6135254	3186.1101074	3167.1047363
2776.209961	2753.6032715	2728.6032715	3189.26001	3168.03833
2782.1799316	2758.609619	2733.609619	3192.209961	3394.2419434
2788.1499023	2763.616211	2738.616211	3195.4	3138.7858887
2794.1101074	2768.6142578	2743.6142578	3198.6499023	3075.94873
2795.74	2769.9812012	2744.9812012	3198.9099121	10509.383789
2799.290039	2772.92749	2747.92749	3201.540039	2240.525391
2800.9399414	2774.2905273	2749.2905273	3201.8	10481.59375
2806.1699219	2778.6118164	2753.6118164	3205.030029	2675.7822266
2812.219971	2783.6105957	2758.6105957	3208.219971	3133.982666
2818.27002	2788.609375	2763.609375	3211.4099121	3134.2167969
2824.3200684	2793.6081543	2768.6081543	3214.6	3133.7485352
2830.4199219	2798.609619	2773.609619	3218.4199219	2618.643311
2831.27002	2799.3061523	2774.3061523	3218.6599121	5806.6572266
2832.1	2799.986084	2774.986084	3218.8898926	5910.8100586
2836.530029	2803.6147461	2778.6147461	3222.790039	1860.8963623
2837.3601074	2804.2946777	2779.2946777	3223.030029	5664.2817383
2838.2	2804.982666	2779.982666	3223.27002	5736.6171875
2842.6298828	2808.6115723	2783.6115723	3227.1599121	1865.6865234
2843.469971	2809.299561	2784.299561	3227.4099121	5508.31543
2844.3	2809.9797363	2784.9797363	3227.6398926	5910.8100586
2848.74	2813.616699	2788.616699	3231.530029	1869.9022217
2849.5700684	2814.296631	2789.296631	3231.77002	5664.2817383
2850.4099121	2814.984619	2789.984619	3232.02002	5506.7148438
2854.8400879	2818.6054688	2793.6054688	3235.9	1866.3978271
2855.6799316	2819.2890625	2794.2890625	3236.1398926	5701.7705078
2856.530029	2819.9812012	2794.9812012	3236.3898926	5534.8076172
2860.99	2823.6125488	2798.6125488	3240.27002	1871.6268311
2861.8300781	2824.2963867	2799.2963867	3240.52002	5474.8554688
2862.6699219	2824.9802246	2799.9802246	3240.76001	5696.1083984
2867.1298828	2828.6115723	2803.6115723	3244.6599121	1862.244141
2867.959961	2829.2873535	2804.2873535	3244.8798828	6142.23584
2868.8100586	2829.9794922	2804.9794922	3245.1298828	5540.0893555
2873.27002	2833.6105957	2808.6105957	3249.02002	1866.8093262
2874.1101074	2834.2946777	2809.2946777	3249.3	4887.2646484
2874.9499512	2834.9782715	2809.9782715	3249.6	4555.9819336
2879.4099121	2838.609619	2813.609619	3253.4499512	1886.463623
2880.24	2839.2854	2814.2854	3253.76001	4357.6352539
2881.0900879	2839.9777832	2814.9777832	3254.0700684	4468.3198242
2885.5500488	2843.612793	2818.612793	3257.9199219	1888.3306885
2887.22998	2844.9821777	2819.9821777	3258.51001	4640.6855469
2891.6799316	2848.6088867	2823.6088867	3262.3701172	1879.2049561
2892.51001	2849.2854	2824.2854	3262.6699219	4511.324707
2893.3601074	2849.9782715	2824.9782715	3262.97998	4470.8613281
2897.8200684	2853.6132813	2828.6132813	3266.8400879	1883.4320068
2899.5	2854.982666	2829.982666	3267.4399414	4565.0625
2903.9499512	2858.609375	2833.609375	3271.3100586	1874.227051
2904.780029	2859.2858887	2834.2858887	3271.6101074	4511.324707
2905.6298828	2859.97876	2834.97876	3271.9199219	4469.5776367
2910.0800781	2863.609131	2838.609131	3275.77002	1886.0113525
2910.9199219	2864.2973633	2839.2973633	3276.0800781	4437.7988281
2911.75	2864.9777832	2839.9777832	3276.3798828	4539.730957
2916.1899414	2868.6164551	2843.6164551	3280.280029	1865.8078613
2917.02002	2869.296631	2844.296631	3280.6298828	3889.871582
2917.8601074	2869.9851074	2844.9851074	3280.97998	3934.097168
2922.290039	2873.6154785	2848.6154785	3284.8701172	1866.3931885
2923.1298828	2874.303711	2849.303711	3285.22998	3826.0942383
2923.959961	2874.9838867	2849.9838867	3285.5800781	3884.5756836
2928.3898926	2878.6142578	2853.6142578	3289.47998	1861.828979
2929.219971	2879.2946777	2854.2946777	3289.8200684	4001.7124023
2930.0600586	2879.9831543	2854.9831543	3290.1699219	3934.097168
2934.47998	2883.6052246	2858.6052246	3294.0700684	1857.5085449
2935.3200684	2884.2937012	2859.2937012	3294.4199219	3934.097168
2936.1599121	2884.9819336	2859.9819336	3294.77002	3932.9538574
2940.5800781	2888.616211	2863.616211	3298.6699219	1863.7580566
2941.4099121	2889.3	2864.3	3299	4141.880859
2942.24	2889.984131	2864.984131	3299.3200684	4275.8515625
2946.6398926	2893.6098633	2868.6098633	3302.72998	2126.5327148
2952.709961	2898.612061	2873.612061	3305.8100586	3248.2873535
2958.780029	2903.6142578	2878.6142578	3308.9	3237.760498
2964.8400879	2908.6081543	2883.6081543	3311.99	3232.172119
2970.8898926	2913.61499	2888.61499	3315.0900879	3229.9890137
2976.9199219	2918.605957	2893.605957	3318.1699219	3241.2390137
2982.969971	2923.6135254	2898.6135254	3321.27002	3230.4914551
2989	2928.604248	2903.604248	3324.5900879	3006.3969727
2990.6599121	2929.9782715	2904.9782715	3325.0800781	5608.2392578
2994.209961	2932.9165039	2907.9165039	3327.8300781	2136.9379883
2995.8701172	2934.290039	2909.290039	3328.3100586	5723.7163086
3001.0900879	2938.6086426	2913.6086426	3331.5600586	2657.5498047
3007.1398926	2943.61377	2918.61377	3334.6599121	3229.5163574
3013.1599121	2948.5944824	2923.5944824	3337.74	3234.01416
3019.219971	2953.6081543	2928.6081543	3340.8300781	3244.973877
3025.26001	2958.612061	2933.612061	3343.8400879	3324.782471
3031.6699219	2963.9243164	2938.9243164	3347.26001	3106.7685547
3036.49	2967.919189	2942.919189	3350.290039	2636.7497559
3037.49	2968.7480469	2943.7480469	3350.6899414	4145.6630859
3038.97998	2969.98291	2944.98291	3351.0900879	6169.6396484
3041.7	2972.237061	2947.237061	3353.1201172	2221.046631
3044.1899414	2974.3007813	2949.3007813	3354.1599121	3969.5258789
3049.3898926	2978.6105957	2953.6105957	3357.459961	2611.9025879
3055.4199219	2983.6142578	2958.6142578	3360.280029	3548.6542969
3061.4399414	2988.609619	2963.609619	3363.3500977	3254.15918
3067.469971	2993.6132813	2968.6132813	3366.1699219	3548.9543457
3073.49	2998.6083984	2973.6083984	3368.99	3542.7636719
3079.51001	3003.6069336	2978.6069336	3371.8200684	3532.37793
3085.530029	3008.6103516	2983.6103516	3374.8898926	3259.8105469
3091.540039	3013.6057129	2988.6057129	3378.1899414	3027.27417
3097.5600586	3018.609375	2993.609375	3381.01001	3548.640625
3103.5600586	3023.5964355	2998.5964355	3383.8300781	3536.8396
3109.5600586	3028.6044922	3003.6044922	3386.6699219	3527.0646973
3115.5500488	3033.6101074	3008.6101074	3389.72998	3271.6496582
3121.530029	3038.607666	3013.607666	3392.790039	3266.182373
3127.51001	3043.60498	3018.60498	3395.6201172	3531.7146
3133.49	3048.6032715	3023.6032715	3398.4499512	3532.590332
3139.459961	3053.609131	3028.609131	3401.51001	3271.722168
3145.8	3058.9255371	3033.9255371	3405.4099121	2726.4135742
3150.5600586	3062.916748	3037.916748	3408.6899414	2433.6193848
3151.5500488	3063.7468262	3038.7468262	3409.3200684	2634.7163086
3153.02002	3064.9794922	3039.9794922	3409.959961	3852.3547363
3156.1298828	3067.5871582	3042.5871582	3412.24	2287.427002
3158.97998	3069.977051	3044.977051	3413.8701172	2932.20459
3161.5	3072.0900879	3047.0900879	3415.5600586	2500.8076172
