MD (m)	TVD (m)	TVDSS (m)	TWT ( ms )	Vint (m/s)
19	19	0	0	1500
19.01	19.01	0.01	6.16	3.2468681
19.03	19.03	0.03	10.16	10
19.05	19.05	0.05	13.99	10.4432516
23.98	23.98	4.98	781.99	12.83854
26.41	26.41	7.41	785.99	1214.9981689
27.28	27.28	8.28	787.0499878	1641.4969482
32.28	32.28	13.28	791.0499878	2499.994141
37.28	37.28	18.28	795.0499878	2500.0322266
39	39	20	796.43	2492.7067871
54	54	35	808.43	2499.994873
59	59	40	812.43	2500.0322266
94	94	75	840.43	2499.994873
104	104	85	848.43	2500.0136719
129	129	110	868.43	2499.994873
134	134	115	872.43	2500.0322266
169	169	150	900.43	2500
204	204	185	928.43	2499.994873
209	209	190	932.43	2500.0322266
239	239	220	956.43	2499.994873
249	249	230	964.43	2500.0136719
264	264	245	976.43	2499.994873
279	279	260	988.43	2500.0073242
289	289	270	996.43	2499.994873
299	299	280	1004.4299316	2500.0136719
304	304	285	1008.43	2499.9577637
309	309	290	1012.4299316	2500.0322266
314	314	295	1016.43	2499.9577637
319	319	300	1020.43	2500.0322266
329	329	310	1028.4300537	2499.9577637
339	339	320	1036.4300537	2500.0322266
344	344	325	1040.4300537	2499.9577637
349	349	330	1044.4300537	2500.0322266
354	354	335	1048.4300537	2499.9577637
364	364	345	1056.4300537	2499.994873
374	374	355	1064.4300537	2500.0322266
379	379	360	1068.4300537	2499.9577637
384	384	365	1072.4300537	2500.0322266
389	389	370	1076.4300537	2499.9577637
394	394	375	1080.4300537	2500.0322266
399	399	380	1084.4300537	2499.9577637
409	409	390	1092.4300537	2500.0322266
414	414	395	1096.4300537	2499.9577637
419	419	400	1100.4300537	2500.0322266
424	424	405	1104.4300537	2499.9577637
429	429	410	1108.4300537	2500.0322266
434	434	415	1112.4300537	2499.9577637
439	439	420	1116.4300537	2500.0322266
444	444	425	1120.4300537	2499.9577637
454	454	435	1128.4300537	2500.0322266
459	459	440	1132.4300537	2499.9577637
464	464	445	1136.4300537	2500.0322266
469	469	450	1140.4300537	2499.9577637
474	474	455	1144.4300537	2500.0322266
479	479	460	1148.4300537	2499.9577637
489	489	470	1156.4300537	2500.0322266
494	494	475	1160.4300537	2499.9577637
499	499	480	1164.4300537	2500.0322266
504	504	485	1168.4300537	2499.9577637
509	509	490	1172.4300537	2500.0322266
514	514	495	1176.4300537	2499.9577637
524	524	505	1184.4300537	2500.0322266
529	529	510	1188.4300537	2499.9577637
534	534	515	1192.4300537	2500.0322266
539	539	520	1196.4300537	2499.9577637
544	544	525	1200.4300537	2500.0322266
549	549	530	1204.4300537	2499.9577637
559	559	540	1212.4300537	2500.0322266
564	564	545	1216.4300537	2499.9577637
569	569	550	1220.4300537	2500.0322266
574	574	555	1224.4300537	2499.9577637
579	579	560	1228.4300537	2500.0322266
584	584	565	1232.4300537	2499.9577637
594	594	575	1240.4300537	2500.0322266
599	599	580	1244.4300537	2499.9577637
604	604	585	1248.4300537	2500.0322266
609	609	590	1252.4300537	2499.9577637
614	614	595	1256.4300537	2500.0322266
619	619	600	1260.4300537	2499.9577637
629	629	610	1268.4300537	2500.0322266
634	634	615	1272.4300537	2499.9577637
639	639	620	1276.4300537	2500.0322266
644	644	625	1280.4300537	2499.9577637
649	649	630	1284.4300537	2500.0322266
654	654	635	1288.4300537	2499.9577637
659	659	640	1292.4300537	2500.0322266
664	664	645	1296.4300537	2499.9577637
674	674	655	1304.4300537	2500.0322266
679	679	660	1308.4300537	2499.9577637
684	684	665	1312.4300537	2500.0322266
689	689	670	1316.4300537	2499.9577637
694	694	675	1320.4300537	2500.0322266
699	699	680	1324.4300537	2499.9577637
709	709	690	1332.4300537	2500.0322266
714	714	695	1336.4300537	2499.9577637
719	719	700	1340.4300537	2500.0322266
724	724	705	1344.4300537	2499.9577637
729	729	710	1348.4300537	2500.0322266
734	734	715	1352.4300537	2499.9577637
744	744	725	1360.4300537	2500.0322266
749	749	730	1364.4300537	2499.9577637
754	754	735	1368.4300537	2500.0322266
759	759	740	1372.4300537	2499.9577637
764	764	745	1376.4300537	2500.0322266
769	769	750	1380.4300537	2499.9577637
779	779	760	1388.4300537	2500.0322266
784	784	765	1392.4300537	2499.9577637
789	789	770	1396.4300537	2500.0322266
794	794	775	1400.4300537	2499.9577637
799	799	780	1404.4300537	2500.0322266
804	804	785	1408.4300537	2499.9577637
814	814	795	1416.4300537	2500.0322266
819	819	800	1420.4300537	2499.9577637
824	824	805	1424.4300537	2500.0322266
829	829	810	1428.4300537	2499.9577637
834	834	815	1432.4300537	2500.0322266
839	839	820	1436.4300537	2499.9577637
844	844	825	1440.4300537	2500.0322266
849	849	830	1444.4300537	2499.9577637
859	859	840	1452.4300537	2500.0322266
864	864	845	1456.4300537	2499.9577637
879	879	860	1468.4300537	2500.0073242
884	884	865	1472.4300537	2499.9577637
894	894	875	1480.4300537	2500.0322266
899	899	880	1484.4300537	2499.9577637
904	904	885	1488.4300537	2500.0322266
909	909	890	1492.4300537	2499.9577637
914	914	895	1496.4300537	2500.0322266
919	919	900	1500.4300537	2499.9577637
929	929	910	1508.4300537	2500.0322266
934	934	915	1512.4300537	2499.9577637
939	939	920	1516.4300537	2500.0322266
944	944	925	1520.4300537	2499.9577637
949	949	930	1524.4300537	2500.0322266
954	954	935	1528.4300537	2499.9577637
964	964	945	1536.4300537	2500.0322266
969	969	950	1540.4300537	2499.9577637
974	974	955	1544.4300537	2500.0322266
979	979	960	1548.4300537	2499.9577637
984	984	965	1552.4300537	2500.0322266
989	989	970	1556.4300537	2499.9577637
999	999	980	1564.4300537	2500.0322266
1004	1004	985	1568.4300537	2499.9577637
1009	1009	990	1572.4300537	2500.0322266
1014	1014	995	1576.4300537	2499.9577637
1019	1019	1000	1580.4300537	2500.0322266
1024	1024	1005	1584.4300537	2499.9577637
1034	1034	1015	1592.4300537	2500.0322266
1039	1039	1020	1596.4300537	2499.9577637
1044	1044	1025	1600.4300537	2500.0322266
1049	1049	1030	1604.4300537	2499.9577637
1054	1054	1035	1608.4300537	2500.0322266
1059	1059	1040	1612.4300537	2499.9577637
1064	1064	1045	1616.4300537	2500.0322266
1069	1069	1050	1620.4300537	2499.9577637
1079	1079	1060	1628.4300537	2500.0322266
1084	1084	1065	1632.4300537	2499.9577637
1089	1089	1070	1636.4300537	2500.0322266
1094	1094	1075	1640.4300537	2499.9577637
1099	1099	1080	1644.4300537	2500.0322266
1104	1104	1085	1648.4300537	2499.9577637
1114	1114	1095	1656.4300537	2500.0322266
1119	1119	1100	1660.4300537	2499.9577637
1124	1124	1105	1664.4300537	2500.0322266
1129	1129	1110	1668.4300537	2499.9577637
1134	1134	1115	1672.4300537	2500.0322266
1139	1139	1120	1676.4300537	2499.9577637
1149	1149	1130	1684.4300537	2500.0322266
1154	1154	1135	1688.4300537	2499.9577637
1159	1159	1140	1692.4300537	2500.0322266
1164	1164	1145	1696.4300537	2499.9577637
1169	1169	1150	1700.4300537	2500.0322266
1174	1174	1155	1704.4300537	2499.9577637
1184	1184	1165	1712.4300537	2500.0322266
1189	1189	1170	1716.4300537	2499.9577637
1194	1194	1175	1720.4300537	2500.0322266
1199	1199	1180	1724.4300537	2499.9577637
1204	1204	1185	1728.4300537	2500.0322266
1209	1209	1190	1732.4300537	2499.9577637
1219	1219	1200	1740.4300537	2500.0322266
1224	1224	1205	1744.4300537	2499.9577637
1229	1229	1210	1748.4300537	2500.0322266
1234	1234	1215	1752.4300537	2499.9577637
1239	1239	1220	1756.4300537	2500.0322266
1244	1244	1225	1760.4300537	2499.9577637
1254	1254	1235	1768.4300537	2500.0322266
1259	1259	1240	1772.4300537	2499.9577637
1264	1264	1245	1776.4300537	2500.0322266
1269	1269	1250	1780.4300537	2499.9577637
1274	1274	1255	1784.4300537	2500.0322266
1279	1279	1260	1788.4300537	2499.9577637
1284	1284	1265	1792.4300537	2500.0322266
1289	1289	1270	1796.4300537	2499.9577637
1299	1299	1280	1804.4300537	2500.0322266
1304	1304	1285	1808.4300537	2499.9577637
1309	1309	1290	1812.4300537	2500.0322266
1314	1314	1295	1816.4300537	2499.9577637
1319	1319	1300	1820.4300537	2500.0322266
1324	1324	1305	1824.4300537	2499.9577637
1334	1334	1315	1832.4300537	2500.0322266
1339	1339	1320	1836.4300537	2499.9577637
1344	1344	1325	1840.4300537	2500.0322266
1349	1349	1330	1844.4300537	2499.9577637
1354	1354	1335	1848.4300537	2500.0322266
1359	1359	1340	1852.4300537	2499.9577637
1369	1369	1350	1860.4300537	2500.0322266
1374	1374	1355	1864.4300537	2499.9577637
1379	1379	1360	1868.4300537	2500.0322266
1384	1384	1365	1872.4300537	2499.9577637
1389	1389	1370	1876.4300537	2500.0322266
1394	1394	1375	1880.4300537	2499.9577637
1404	1404	1385	1888.4300537	2500.0322266
1409	1409	1390	1892.4300537	2499.9577637
1414	1414	1395	1896.4300537	2500.0322266
1419	1419	1400	1900.4300537	2499.9577637
1424	1424	1405	1904.4300537	2500.0322266
1429	1429	1410	1908.4300537	2499.9577637
1439	1439	1420	1916.4300537	2500.0322266
1444	1444	1425	1920.4300537	2499.9577637
1449	1449	1430	1924.4300537	2500.0322266
1452.97998	1452.97998	1433.97998	1928.4300537	1989.956543
1456.959961	1456.959961	1437.959961	1932.4300537	1990.015869
1459	1459	1440	1934.47998	1990.3568115
1460.9499512	1460.9499512	1441.9499512	1936.4300537	1999.8015137
1462.99	1462.99	1443.99	1938.47998	1990.3568115
1464	1464	1445	1939.49	2000.1359863
1466.969971	1466.969971	1447.969971	1942.47998	1986.5975342
1467.97998	1467.97998	1448.97998	1943.49	1999.9
1471.959961	1471.959961	1452.959961	1947.49	1990.015869
1474	1474	1455	1949.540039	1990.2410889
1475.9499512	1475.9499512	1456.9499512	1951.49	1999.9237061
1477.99	1477.99	1458.99	1953.540039	1990.2410889
1479	1479	1460	1954.5500488	2000.1359863
1481.969971	1481.969971	1462.969971	1957.540039	1986.5975342
1482.97998	1482.97998	1463.97998	1958.5500488	1999.9
1484	1484	1465	1959.5799561	1980.9107666
1486.959961	1486.959961	1467.959961	1962.5500488	1993.1729736
1487.97998	1487.97998	1468.97998	1963.5799561	1980.6815186
1491.969971	1491.969971	1472.969971	1967.5799561	1995.020752
1494	1494	1475	1969.62	1990.196899
1495.9499512	1495.9499512	1476.9499512	1971.5799561	1989.8273926
1499	1499	1480	1974.6400146	1993.429199
1501.969971	1501.969971	1482.969971	1977.62	1993.2730713
1502.97998	1502.97998	1483.97998	1978.6400146	1980.4992676
1504	1504	1485	1979.6600342	1999.8934326
1506.959961	1506.959961	1487.959961	1982.6400146	1986.5550537
1507.97998	1507.97998	1488.97998	1983.6600342	2000.1271973
1509	1509	1490	1984.6899414	1980.6815186
1511.959961	1511.959961	1492.959961	1987.6600342	1993.1729736
1512.99	1512.99	1493.99	1988.6899414	2000.3500977
1514	1514	1495	1989.7	1999.9
1516.97998	1516.97998	1497.97998	1992.6899414	1993.293091
1517.97998	1517.97998	1498.97998	1993.7	1980.3134766
1519	1519	1500	1994.719971	1999.8934326
1521.959961	1521.959961	1502.959961	1997.7	1986.5550537
1522.97998	1522.97998	1503.97998	1998.719971	2000.1271973
1524	1524	1505	1999.75	1980.452271
1526.959961	1526.959961	1507.959961	2002.7198486	1993.3330078
1527.99	1527.99	1508.99	2003.7501221	1999.65564
1529	1529	1510	2004.76001	2000.1359863
1531.969971	1531.969971	1512.969971	2007.75	1986.5975342
1532.97998	1532.97998	1513.97998	2008.76001	2000.1359863
1534	1534	1515	2009.789917	1980.6815186
1536.959961	1536.959961	1517.959961	2012.7598877	1993.25293
1537.97998	1537.97998	1518.97998	2013.7901611	1980.2231445
1541.969971	1541.969971	1522.969971	2017.790039	1995.020752
1544	1544	1525	2019.8299561	1990.3132324
1545.9499512	1545.9499512	1526.9499512	2021.790039	1989.706421
1547.97998	1547.97998	1528.97998	2023.8299561	1990.3132324
1549	1549	1530	2024.8498535	2000.1271973
1551.969971	1551.969971	1532.969971	2027.829834	1993.2730713
1552.97998	1552.97998	1533.97998	2028.8500977	1980.036499
1554	1554	1535	2029.87	2000.1271973
1556.959961	1556.959961	1537.959961	2032.8499756	1986.5550537
1557.97998	1557.97998	1538.97998	2033.87	2000.1271973
1559	1559	1540	2034.9	1980.6815186
1561.959961	1561.959961	1542.959961	2037.869873	1993.25293
1562.99	1562.99	1543.99	2038.9001465	1999.65564
1564	1564	1545	2039.9100342	2000.1359863
1566.97998	1566.97998	1547.97998	2042.9001465	1993.293091
1567.97998	1567.97998	1548.97998	2043.9100342	1980.3134766
1569	1569	1550	2044.9299316	2000.1271973
1571.959961	1571.959961	1552.959961	2047.9100342	1986.5550537
1572.97998	1572.97998	1553.97998	2048.9299316	2000.1271973
1574	1574	1555	2049.959961	1980.6815186
1576.959961	1576.959961	1557.959961	2052.9299316	1993.25293
1577.97998	1577.97998	1558.97998	2053.959961	1980.6815186
1579	1579	1560	2054.97998	1999.65979
1581.969971	1581.969971	1562.969971	2057.959961	1993.2730713
1582.97998	1582.97998	1563.97998	2058.97998	1980.4992676
1584	1584	1565	2060	2000.1271973
1586.969971	1586.969971	1567.969971	2062.97998	1993.2730713
1587.97998	1587.97998	1568.97998	2064	1980.4992676
1589	1589	1570	2065.02002	1999.65979
1591.959961	1591.959961	1572.959961	2068	1986.5550537
1592.97998	1592.97998	1573.97998	2069.02002	2000.1271973
1594	1594	1575	2070.0500488	1980.6815186
1596.959961	1596.959961	1577.959961	2073.02002	1993.25293
1597.99	1597.99	1578.99	2074.0500488	2000.11853
1599	1599	1580	2075.0600586	1999.66394
1601.97998	1601.97998	1582.97998	2078.0500488	1993.293091
1602.97998	1602.97998	1583.97998	2079.0600586	1980.3134766
1604	1604	1585	2080.0800781	2000.1271973
1606.959961	1606.959961	1587.959961	2083.0600586	1986.5550537
1607.97998	1607.97998	1588.97998	2084.0800781	2000.1271973
1609	1609	1590	2085.1101074	1980.2231445
1611.959961	1611.959961	1592.959961	2088.0800781	1993.25293
1612.97998	1612.97998	1593.97998	2089.1101074	1980.6815186
1614	1614	1595	2090.1298828	2000.5948486
1616.969971	1616.969971	1597.969971	2093.1101074	1993.1136475
1617.97998	1617.97998	1598.97998	2094.1298828	1980.9624023
1619	1619	1600	2095.1499023	1999.65979
1621.969971	1621.969971	1602.969971	2098.1298828	1993.2730713
1622.97998	1622.97998	1603.97998	2099.1499023	1980.4992676
1624	1624	1605	2100.1699219	2000.1271973
1626.969971	1626.969971	1607.969971	2103.1499023	1993.2730713
1627.97998	1627.97998	1608.97998	2104.1699219	1980.4992676
1629	1629	1610	2105.1899414	1999.65979
1631.969971	1631.969971	1612.969971	2108.1699219	1993.2730713
1632.97998	1632.97998	1613.97998	2109.1899414	1980.4992676
1634	1634	1615	2110.209961	2000.1271973
1636.969971	1636.969971	1617.969971	2113.1899414	1993.2730713
1637.97998	1637.97998	1618.97998	2114.209961	1980.4992676
1639	1639	1620	2115.22998	1999.65979
1641.959961	1641.959961	1622.959961	2118.209961	1986.5550537
1642.97998	1642.97998	1623.97998	2119.22998	2000.1271973
1644	1644	1625	2120.26001	1980.6815186
1646.959961	1646.9598389	1627.9598389	2123.22998	1993.1777344
1647.97998	1647.9797363	1628.9797363	2124.26001	1980.4509277
1649	1649	1630	2125.280029	1999.427002
1651.969971	1651.9692383	1632.9692383	2128.26001	1993.2005615
1652.99	1652.9891357	1633.9891357	2129.280029	1999.427002
1654	1654	1635	2130.290039	1999.9031982
1656.969971	1656.96875	1637.96875	2133.280029	1986.366333
1657.97998	1657.9786377	1638.9786377	2134.290039	1999.9031982
1659	1658.9985352	1639.9985352	2135.3200684	1979.9925537
1661.959961	1661.95813	1642.95813	2138.290039	1993.1809082
1662.97998	1662.9780273	1643.9780273	2139.3200684	1979.9925537
1664	1663.9979248	1644.9979248	2140.3400879	1999.894409
1666.969971	1666.967529	1647.967529	2143.3200684	1993.0410156
1667.97998	1667.977417	1648.977417	2144.3400879	1980.2687988
1669	1668.9973145	1649.9973145	2145.3601074	1999.894409
1671.969971	1671.9669189	1652.9669189	2148.3400879	1993.0410156
1672.97998	1672.9768066	1653.9768066	2149.3601074	1979.80603
1674	1673.9967041	1654.9967041	2150.3798828	2000.3619385
1676.959961	1676.9562988	1657.9562988	2153.3601074	1986.164917
1677.97998	1677.9763184	1658.9763184	2154.3798828	2000.3619385
1681.959961	1681.955811	1662.955811	2158.3798828	1989.78418
1684	1683.9956055	1664.9956055	2160.4299316	1989.8936768
1685.9499512	1685.9453125	1666.9453125	2162.3798828	1999.690918
1687.99	1687.9851074	1668.9851074	2164.4299316	1990.1251221
1689	1688.9949951	1669.9949951	2165.4399414	1999.9031982
1691.969971	1691.9646	1672.9646	2168.4299316	1986.366333
1692.97998	1692.9744873	1673.9744873	2169.4399414	1999.4311523
1694	1693.9943848	1674.9943848	2170.469971	1980.4509277
1696.97998	1696.974	1677.974	2173.4399414	2006.50061
1698.01001	1698.0039063	1679.0039063	2174.469971	1999.8857422
1699.13	1699.123779	1680.123779	2175.5900879	1999.5969238
1702.02002	1702.01355	1683.01355	2178.469971	2006.8199463
1704.27002	1704.2631836	1685.2631836	2180.709961	2008.532471
1706.5600586	1706.5529785	1687.5529785	2183.5900879	1590.0665283
1707.459961	1707.4527588	1688.4527588	2184.709961	1606.9936523
1709	1708.9926758	1689.9926758	2186.6499023	1587.6696777
1711.0500488	1711.04248	1692.04248	2188.709961	1989.9379883
1712.97998	1712.972168	1693.972168	2190.6499023	1989.3763428
1714	1713.9920654	1694.9920654	2191.6799316	1980.4509277
1716.959961	1716.95166	1697.95166	2194.6499023	1993.0209961
1717.99	1717.9815674	1698.9815674	2195.6799316	1999.8857422
1719	1718.9914551	1699.9914551	2196.6899414	1999.9031982
1721.97998	1721.9711914	1702.9711914	2199.6799316	1993.0610352
1722.99	1722.981079	1703.981079	2200.6899414	1999.4311523
1724.01001	1724	1705	2201.709961	1999.894409
1726.969971	1726.9605713	1707.9605713	2204.6899414	1986.3238525
1727.99	1727.9804688	1708.9804688	2205.709961	1999.894409
1729.01001	1729	1710	2206.74	1980.4509277
1731.969971	1731.959961	1712.959961	2209.709961	1993.0209961
1732.99	1732.97998	1713.97998	2210.74	1980.2163086
1734.01001	1734	1715	2211.76001	2000.1271973
1736.97998	1736.969971	1717.969971	2214.74	1993.2730713
1737.99	1737.97998	1718.97998	2215.76001	1980.4992676
1739.01001	1739	1720	2216.780029	2000.1271973
1741.97998	1741.969971	1722.969971	2219.76001	1993.2730713
1742.99	1742.97998	1723.97998	2220.780029	1980.036499
1744.01001	1744	1725	2221.8	2000.1271973
1746.97998	1746.969971	1727.969971	2224.780029	1993.2730713
1747.99	1747.97998	1728.97998	2225.8	1980.4992676
1749.01001	1749	1730	2226.8200684	2000.1271973
1751.97998	1751.969971	1732.969971	2229.8	1993.2730713
1752.99	1752.97998	1733.97998	2230.8200684	1980.036499
1754.01001	1754	1735	2231.8400879	2000.1271973
1756.97998	1756.969971	1737.969971	2234.8200684	1993.2730713
1757.99	1757.97998	1738.97998	2235.8400879	1980.4992676
1759.01001	1759	1740	2236.8601074	2000.1271973
1761.969971	1761.959961	1742.959961	2239.8400879	1986.5550537
1762.99	1762.97998	1743.97998	2240.8601074	1999.65979
1764.01001	1764	1745	2241.8898926	1981.1401367
1766.969971	1766.959961	1747.959961	2244.8601074	1993.0928955
1767.99	1767.97998	1748.97998	2245.8898926	1981.1401367
1769.01001	1769	1750	2246.9099121	2000.1271973
1771.97998	1771.969971	1752.969971	2249.8898926	1993.2730713
1773	1772.99	1753.99	2250.9099121	2000.1271973
1774.01001	1774	1755	2251.9199219	1999.66394
1776.97998	1776.969971	1757.969971	2254.9099121	1986.5975342
1777.99	1777.97998	1758.97998	2255.9199219	2000.1359863
1779.01001	1779	1760	2256.9499512	1980.6815186
1781.969971	1781.959961	1762.959961	2259.9199219	1993.25293
1782.99	1782.97998	1763.97998	2260.9499512	1980.6815186
1784.01001	1784	1765	2261.969971	1999.65979
1786.97998	1786.969971	1767.969971	2264.9499512	1993.2730713
1787.99	1787.97998	1768.97998	2265.969971	1980.4992676
1789.01001	1789	1770	2266.99	2000.1271973
1791.97998	1791.969971	1772.969971	2269.969971	1993.2730713
1792.99	1792.97998	1773.97998	2270.99	1980.4992676
1796.97998	1796.969971	1777.969971	2274.99	1994.9018555
1799.01001	1799	1780	2277.030029	1990.3132324
1800.9499512	1800.9399414	1781.9399414	2278.99	1979.4925537
1802.97998	1802.969971	1783.969971	2281.030029	1990.3132324
1804	1803.99	1784.99	2282.0600586	1980.2231445
1806.959961	1806.9499512	1787.9499512	2285.030029	1993.25293
1807.99	1807.97998	1788.97998	2286.0600586	2000.11853
1809	1808.99	1789.99	2287.0700684	2000.1359863
1811.969971	1811.959961	1792.959961	2290.0600586	1986.5975342
1812.97998	1812.969971	1793.969971	2291.0700684	2000.1359863
1814	1813.99	1794.99	2292.1	1980.2231445
1816.959961	1816.9499512	1797.9499512	2295.0700684	1993.25293
1817.97998	1817.969971	1798.969971	2296.1	1980.6815186
1819	1818.99	1799.99	2297.1201172	2000.1271973
1821.969971	1821.959961	1802.959961	2300.1	1993.2730713
1822.99	1822.97998	1803.97998	2301.1201172	2000.1271973
1824	1823.99	1804.99	2302.1298828	2000.1359863
1826.969971	1826.959961	1807.959961	2305.1201172	1986.439209
1827.97998	1827.969971	1808.969971	2306.1298828	2000.6082764
1829	1828.99	1809.99	2307.1599121	1980.6815186
1831.959961	1831.9499512	1812.9499512	2310.1298828	1993.25293
1832.97998	1832.969971	1813.969971	2311.1599121	1980.6815186
1834	1833.99	1814.99	2312.1799316	1999.65979
1836.959961	1836.9499512	1817.9499512	2315.1599121	1986.713989
1837.97998	1837.969971	1818.969971	2316.1799316	1999.65979
1839	1838.99	1819.99	2317.209961	1980.6815186
1841.959961	1841.9499512	1822.9499512	2320.1799316	1993.25293
1842.99	1842.97998	1823.97998	2321.209961	2000.11853
1844	1843.99	1824.99	2322.219971	1999.66394
1846.969971	1846.959961	1827.959961	2325.209961	1986.7559814
1847.97998	1847.969971	1828.969971	2326.219971	1999.66394
1849	1848.99	1829.99	2327.25	1980.6815186
1851.959961	1851.9499512	1832.9499512	2330.219971	1993.25293
1852.97998	1852.969971	1833.969971	2331.25	1980.6815186
1854	1853.99	1834.99	2332.27002	2000.1271973
1856.969971	1856.959961	1837.959961	2335.25	1993.2730713
1857.99	1857.97998	1838.97998	2336.27002	1999.65979
1859	1858.99	1839.99	2337.280029	2000.1359863
1861.969971	1861.959961	1842.959961	2340.27002	1986.5975342
1862.97998	1862.969971	1843.969971	2341.280029	2000.1359863
1864	1863.99	1844.99	2342.3100586	1980.6815186
1866.959961	1866.9499512	1847.9499512	2345.280029	1993.25293
1867.97998	1867.969971	1848.969971	2346.3100586	1980.2231445
1869	1868.99	1849.99	2347.3300781	2000.1271973
1871.959961	1871.9499512	1852.9499512	2350.3100586	1986.5550537
1872.97998	1872.969971	1853.969971	2351.3300781	2000.1271973
1874	1873.99	1854.99	2352.3601074	1980.6815186
1876.959961	1876.9499512	1857.9499512	2355.3300781	1993.25293
1877.99	1877.97998	1858.97998	2356.3601074	1999.65564
1879	1878.99	1859.99	2357.3701172	2000.1359863
1881.97998	1881.969971	1862.969971	2360.3601074	1993.293091
1882.97998	1882.969971	1863.969971	2361.3701172	1980.3134766
1884	1883.99	1864.99	2362.3898926	2000.5948486
1886.959961	1886.9499512	1867.9499512	2365.3701172	1986.3961182
1887.97998	1887.969971	1868.969971	2366.3898926	2000.1271973
1889	1888.99	1869.99	2367.4199219	1980.6815186
1891.959961	1891.9499512	1872.9499512	2370.3898926	1993.25293
1892.99	1892.97998	1873.97998	2371.4199219	2000.11853
1894	1893.99	1874.99	2372.4299316	2000.1359863
1896.969971	1896.959961	1877.959961	2375.4199219	1986.5975342
1897.97998	1897.969971	1878.969971	2376.4299316	1999.66394
1899	1898.99	1879.99	2377.459961	1980.6815186
1901.959961	1901.9499512	1882.9499512	2380.4299316	1993.25293
1902.97998	1902.969971	1883.969971	2381.459961	1980.6815186
1904	1903.99	1884.99	2382.47998	2000.1271973
1906.969971	1906.959961	1887.959961	2385.459961	1993.2730713
1907.99	1907.97998	1888.97998	2386.47998	1999.65979
1909	1908.99	1889.99	2387.49	2000.1359863
1911.969971	1911.959961	1892.959961	2390.47998	1986.5975342
1912.97998	1912.969971	1893.969971	2391.49	2000.1359863
1914	1913.99	1894.99	2392.52002	1980.6815186
1916.959961	1916.9499512	1897.9499512	2395.49	1993.25293
1917.97998	1917.969971	1898.969971	2396.52002	1980.2231445
1919	1918.99	1899.99	2397.540039	2000.1271973
1921.959961	1921.9499512	1902.9499512	2400.52002	1986.5550537
1922.97998	1922.969971	1903.969971	2401.540039	2000.1271973
1924	1923.99	1904.99	2402.5700684	1980.6815186
1926.959961	1926.9499512	1907.9499512	2405.540039	1993.25293
1927.99	1927.97998	1908.97998	2406.5700684	2000.11853
1929	1928.99	1909.99	2407.5800781	1999.66394
1931.97998	1931.969971	1912.969971	2410.5700684	1993.293091
1932.97998	1932.969971	1913.969971	2411.5800781	1980.3134766
1934	1933.99	1914.99	2412.6	2000.1271973
1936.959961	1936.9499512	1917.9499512	2415.5800781	1986.5550537
1937.97998	1937.969971	1918.969971	2416.6	2000.1271973
1939	1938.99	1919.99	2417.6298828	1980.6815186
1941.959961	1941.9499512	1922.9499512	2420.6	1993.0928955
1942.99	1942.97998	1923.97998	2421.6298828	2000.581665
1944	1943.99	1924.99	2422.6398926	2000.1359863
1946.969971	1946.959961	1927.959961	2425.6298828	1986.5975342
1947.97998	1947.969971	1928.969971	2426.6398926	2000.1359863
1949	1948.99	1929.99	2427.6699219	1980.2231445
1951.959961	1951.9499512	1932.9499512	2430.6398926	1993.25293
1952.97998	1952.969971	1933.969971	2431.6699219	1980.6815186
1956.969971	1956.959961	1937.959961	2435.6699219	1995.020752
1959	1958.99	1939.99	2437.709961	1990.0806885
1960.9499512	1960.9399414	1941.9399414	2439.6699219	1989.9483643
1962.97998	1962.969971	1943.969971	2441.709961	1990.0806885
1964	1963.99	1944.99	2442.72998	2000.1271973
1966.969971	1966.959961	1947.959961	2445.709961	1993.2730713
1967.97998	1967.969971	1948.969971	2446.72998	1980.4992676
1969	1968.99	1949.99	2447.75	1999.65979
1971.959961	1971.9499512	1952.9499512	2450.72998	1986.5550537
1972.97998	1972.969971	1953.969971	2451.75	2000.1271973
1974	1973.99	1954.99	2452.780029	1980.6815186
1976.959961	1976.9499512	1957.9499512	2455.75	1993.25293
1977.99	1977.97998	1958.97998	2456.780029	2000.11853
1979	1978.99	1959.99	2457.790039	1999.66394
1981.97998	1981.969971	1962.969971	2460.780029	1993.293091
1982.97998	1982.969971	1963.969971	2461.790039	1980.3134766
1984	1983.99	1964.99	2462.8100586	2000.1271973
1986.959961	1986.9499512	1967.9499512	2465.790039	1986.5550537
1987.97998	1987.969971	1968.969971	2466.8100586	2000.1271973
1989	1988.99	1969.99	2467.8400879	1980.2231445
1991.959961	1991.9499512	1972.9499512	2470.8100586	1993.25293
1992.97998	1992.9698486	1973.9698486	2471.8400879	1980.3352051
1994	1993.989624	1974.989624	2472.8601074	1999.7631836
1996.969971	1996.9591064	1977.9591064	2475.8400879	1992.9102783
1997.97998	1997.9688721	1978.9688721	2476.8601074	1980.138916
1999	1998.98877	1979.98877	2477.8798828	1999.7631836
2001.969971	2001.95813	1982.95813	2480.8601074	1992.9102783
2002.97998	2002.9680176	1983.9680176	2481.8798828	1980.138916
2004	2003.987793	1984.987793	2482.9	1999.7631836
2006.969971	2006.9572754	1987.9572754	2485.8798828	1992.9102783
2009.01001	2008.9969482	1989.9969482	2487.9199219	1999.7631836
2011.99	2011.9763184	1992.9763184	2490.9	1999.6270752
2013.01001	2012.9962158	1993.9962158	2491.9199219	1999.2957764
2014.1400146	2014.1259766	1995.1259766	2493.0500488	1999.4605713
2016.4499512	2016.4355469	1997.4355469	2495.9199219	1609.5061035
2017.37	2017.3553467	1998.3553467	2497.0500488	1627.9500732
2019.01001	2018.9951172	1999.9951172	2499.0900879	1607.4484863
2020.959961	2020.9447021	2001.9447021	2501.0500488	1989.5863037
2022.99	2022.9743652	2003.9743652	2503.0900879	1989.7185059
2024.01001	2023.994141	2004.994141	2504.1101074	1999.7631836
2026.97998	2026.963623	2007.963623	2507.0900879	1992.9102783
2027.99	2027.9733887	2008.9733887	2508.1101074	1980.138916
2029.01001	2028.9932861	2009.9932861	2509.1298828	1999.7631836
2031.97998	2031.9626465	2012.9626465	2512.1101074	1992.9102783
2032.99	2032.9725342	2013.9725342	2513.1298828	1980.138916
2034.01001	2033.99231	2014.99231	2514.1499023	1999.7631836
2036.97998	2036.961792	2017.961792	2517.1298828	1992.9102783
2037.99	2037.9715576	2018.9715576	2518.1499023	1980.138916
2041.969971	2041.9508057	2022.9508057	2522.1499023	1989.6536865
2044.01001	2043.9904785	2024.9904785	2524.2	1989.7631836
2045.959961	2045.9401855	2026.9401855	2526.1499023	1999.5596924
2048	2047.97998	2028.97998	2528.2	1990.172119
2049.01001	2048.99	2029.99	2529.209961	2000.1359863
2051.99	2051.969971	2032.969971	2532.2	1993.293091
2052.99	2052.969971	2033.969971	2533.209961	1979.846069
2054.01001	2053.99	2034.99	2534.22998	2000.1271973
2056.969971	2056.9499512	2037.9499512	2537.209961	1986.5550537
2057.99	2057.969971	2038.969971	2538.22998	2000.1271973
2059.01001	2058.99	2039.99	2539.26001	1980.6815186
2061.969971	2061.9499512	2042.9499512	2542.22998	1993.25293
2062.99	2062.969971	2043.969971	2543.26001	1980.2231445
2064.01001	2063.99	2044.99	2544.280029	2000.1271973
2066.97998	2066.959961	2047.959961	2547.26001	1993.2730713
2067.99	2067.969971	2048.969971	2548.280029	1980.4992676
2069.01001	2068.99	2049.99	2549.3	2000.1271973
2071.97998	2071.959961	2052.959961	2552.280029	1993.2730713
2072.99	2072.969971	2053.969971	2553.3	1980.036499
2074.01001	2073.99	2054.99	2554.3200684	2000.1271973
2076.97998	2076.959961	2057.959961	2557.3	1993.2730713
2077.99	2077.969971	2058.969971	2558.3200684	1980.4992676
2079.01001	2078.99	2059.99	2559.3400879	2000.1271973
2081.97998	2081.959961	2062.959961	2562.3200684	1993.2730713
2082.99	2082.969971	2063.969971	2563.3400879	1980.036499
2084.01001	2083.99	2064.99	2564.3601074	2000.1271973
2086.97998	2086.959961	2067.959961	2567.3400879	1993.2730713
2087.99	2087.969971	2068.969971	2568.3601074	1980.4992676
2089.01001	2088.99	2069.99	2569.3798828	2000.5948486
2091.99	2091.969971	2072.969971	2572.3601074	1999.8310547
2093.01001	2092.99	2073.99	2573.3798828	2000.1271973
2094.1398926	2094.119873	2075.119873	2574.51001	1999.6083984
2096.4499512	2096.4299316	2077.4299316	2577.3798828	1609.8841553
2097.3601074	2097.3400879	2078.3400879	2578.51001	1610.747681
2099.01001	2098.99	2079.99	2580.5600586	1609.7213135
2100.959961	2100.9399414	2081.9399414	2582.51001	1999.9237061
2103	2102.97998	2083.97998	2584.5600586	1990.1253662
2104.01001	2103.99	2084.99	2585.5700684	2000.1359863
2107.01001	2106.99	2087.99	2588.5600586	2006.68396
2108.02002	2108	2089	2589.5700684	2000.1359863
2109.1398926	2109.119873	2090.119873	2590.6899414	2000.0374756
2111.459961	2111.4399414	2092.4399414	2593.5700684	1611.1046143
2112.3601074	2112.3400879	2093.3400879	2594.6899414	1607.6168213
2114.01001	2113.99	2094.99	2596.74	1609.53418
2115.9499512	2115.9299316	2096.9299316	2598.6899414	1989.657471
2117.99	2117.969971	2098.969971	2600.74	1990.3568115
2119.01001	2118.99	2099.99	2601.76001	2000.1271973
2121.97998	2121.959961	2102.959961	2604.74	1993.2730713
2122.99	2122.969971	2103.969971	2605.76001	1980.036499
2126.97998	2126.959961	2107.959961	2609.76001	1995.020752
2129.01001	2128.99	2109.99	2611.8	1990.3132324
2130.959961	2130.9399414	2111.9399414	2613.76001	1989.706421
2132.99	2132.969971	2113.969971	2615.8	1990.0806885
2134.01001	2133.99	2114.99	2616.8200684	2000.1271973
2136.97998	2136.959961	2117.959961	2619.8	1993.2730713
2137.99	2137.969971	2118.969971	2620.8200684	1980.4992676
2139.01001	2138.99	2119.99	2621.8400879	2000.1271973
2141.969971	2141.9499512	2122.9499512	2624.8200684	1986.5550537
2142.99	2142.969971	2123.969971	2625.8400879	1999.65979
2144.01001	2143.99	2124.99	2626.8701172	1980.6815186
2146.99	2146.969971	2127.969971	2629.8400879	2006.7342529
2148.02002	2148	2129	2630.8701172	2000.11853
2149.1398926	2149.119873	2130.119873	2631.99	2000.0374756
2151.459961	2151.4399414	2132.4399414	2634.8701172	1611.1046143
2152.3601074	2152.3400879	2133.3400879	2635.99	1607.6168213
2154.01001	2153.99	2134.99	2638.030029	1617.4342041
2155.959961	2155.9399414	2136.9399414	2639.99	1989.706421
2157.99	2157.969971	2138.969971	2642.030029	1990.3132324
2159.01001	2158.99	2139.99	2643.0500488	2000.1271973
2161.969971	2161.9499512	2142.9499512	2646.030029	1986.5550537
2162.99	2162.969971	2143.969971	2647.0500488	1999.65979
2164.01001	2163.99	2144.99	2648.0800781	1980.6815186
2166.969971	2166.9499512	2147.9499512	2651.0500488	1993.25293
2168	2167.97998	2148.97998	2652.0800781	2000.11853
2169.01001	2168.99	2149.99	2653.0900879	2000.1359863
2171.99	2171.969971	2152.969971	2656.0800781	1993.293091
2172.99	2172.969971	2153.969971	2657.0900879	1979.846069
2174.01001	2173.99	2154.99	2658.1101074	2000.1271973
2176.969971	2176.9499512	2157.9499512	2661.0900879	1986.5550537
2177.99	2177.969971	2158.969971	2662.1101074	2000.1271973
2179.01001	2178.99	2159.99	2663.1398926	1981.1401367
2181.969971	2181.9499512	2162.9499512	2666.1101074	1993.0928955
2182.99	2182.969971	2163.969971	2667.1398926	1980.6815186
2184.01001	2183.99	2164.99	2668.1599121	2000.1271973
2186.97998	2186.959961	2167.959961	2671.1398926	1993.2730713
2187.99	2187.969971	2168.969971	2672.1599121	1980.4992676
2189.01001	2188.99	2169.99	2673.1799316	2000.1271973
2191.97998	2191.959961	2172.959961	2676.1599121	1993.2730713
2192.99	2192.969971	2173.969971	2677.1799316	1980.4992676
2194.01001	2193.99	2174.99	2678.2	1999.65979
2196.97998	2196.959961	2177.959961	2681.1799316	1993.2730713
2197.99	2197.969971	2178.969971	2682.2	1980.4992676
2199.01001	2198.99	2179.99	2683.219971	2000.1271973
2202	2201.97998	2182.97998	2686.2	2006.7089844
2203.02002	2203	2184	2687.219971	2000.1271973
2207.030029	2207.01001	2188.01001	2691.219971	2004.9111328
2209.280029	2209.26001	2190.26001	2693.469971	2000.03894
2210.6699219	2210.6499023	2191.6499023	2695.219971	1588.4555664
2212.469971	2212.4499512	2193.4499512	2697.469971	1600.074585
2214.01001	2213.99	2194.99	2699.4099121	1587.6593018
2216.0600586	2216.040039	2197.040039	2701.469971	1990.4
2217.99	2217.969971	2198.969971	2703.4099121	1989.60791
2219.01001	2218.99	2199.99	2704.4299316	2000.1271973
2221.97998	2221.959961	2202.959961	2707.4099121	1993.2730713
2222.99	2222.969971	2203.969971	2708.4299316	1980.4992676
2224.01001	2223.99	2204.99	2709.4499512	1999.65979
2226.97998	2226.959961	2207.959961	2712.4299316	1993.2730713
2227.99	2227.969971	2208.969971	2713.4499512	1980.4992676
2231.969971	2231.9499512	2212.9499512	2717.4499512	1990.015869
2234.01001	2233.99	2214.99	2719.5	1990.1253662
2235.959961	2235.9399414	2216.9399414	2721.4499512	2000.1682129
2238	2237.97998	2218.97998	2723.5	1990.1253662
2239.01001	2238.99	2219.99	2724.51001	2000.1359863
2241.99	2241.969971	2222.969971	2727.5	1993.293091
2242.99	2242.969971	2223.969971	2728.51001	1980.3134766
2244.01001	2243.99	2224.99	2729.530029	1999.65979
2246.969971	2246.9499512	2227.9499512	2732.51001	1986.5550537
2247.99	2247.969971	2228.969971	2733.530029	2000.1271973
2249.01001	2248.99	2229.99	2734.5600586	1980.6815186
2251.969971	2251.9499512	2232.9499512	2737.530029	1993.25293
2252.99	2252.969971	2233.969971	2738.5600586	1980.6815186
2254.01001	2253.99	2234.99	2739.5800781	1999.65979
2256.97998	2256.959961	2237.959961	2742.5600586	1993.2730713
2257.99	2257.969971	2238.969971	2743.5800781	1980.4992676
2259.01001	2258.99	2239.99	2744.6	2000.1271973
2262	2261.97998	2242.97998	2747.5800781	2006.7089844
2263.02002	2263	2244	2748.6	2000.1271973
2264.1398926	2264.119873	2245.119873	2749.719971	2000.0374756
2266.459961	2266.4399414	2247.4399414	2752.6	1610.9713135
2267.3601074	2267.3400879	2248.3400879	2753.719971	1607.6168213
2269.01001	2268.99	2249.99	2755.77002	1609.7213135
2270.959961	2270.9399414	2251.9399414	2757.719971	1999.9237061
2273	2272.97998	2253.97998	2759.77002	1990.3568115
2274.01001	2273.99	2254.99	2760.780029	1999.66394
2277.99	2277.969971	2258.969971	2764.780029	1990.015869
2279.01001	2278.99	2259.99	2765.8100586	1980.6815186
2281.969971	2281.949707	2262.949707	2768.780029	1993.0107422
2282.99	2282.9692383	2263.9692383	2769.8100586	1979.9471436
2284.01001	2283.98877	2264.98877	2770.8300781	1998.918335
2286.99	2286.9677734	2267.9677734	2773.8100586	1999.2496338
2288.01001	2287.9873047	2268.9873047	2774.8300781	1999.38562
2289.1398926	2289.1169434	2270.1169434	2775.959961	1999.28894
2291.459961	2291.4360352	2272.4360352	2778.8300781	1616.1263428
2292.3701172	2292.3459473	2273.3459473	2779.959961	1610.4902344
2294.01001	2293.9851074	2274.9851074	2781.99	1614.9520264
2295.969971	2295.9443359	2276.9443359	2783.959961	1989.2579346
2297.99	2297.963623	2278.963623	2785.99	1989.297729
2299.02002	2298.9934082	2279.9934082	2787.02002	1999.3769531
2301.97998	2301.9521484	2282.9521484	2789.99	1992.5140381
2303	2302.9719238	2283.9719238	2791.02002	1979.9471436
2304.02002	2303.9914551	2284.9914551	2792.040039	1998.918335
2306.99	2306.960449	2287.960449	2795.02002	1992.5340576
2308	2307.969971	2288.969971	2796.040039	1979.7650146
2309.02002	2308.99	2289.99	2797.0600586	2000.1271973
2311.99	2311.959961	2292.959961	2800.040039	1993.2730713
2313	2312.969971	2293.969971	2801.0600586	1980.4992676
2314.02002	2313.99	2294.99	2802.0800781	1999.65979
2317.01001	2316.97998	2297.97998	2805.0600586	2006.7089844
2318.030029	2318	2299	2806.0800781	2000.1271973
2319.1499023	2319.119873	2300.119873	2807.2	2000.0374756
2321.469971	2321.4399414	2302.4399414	2810.0800781	1611.1046143
2322.3798828	2322.3498535	2303.3498535	2811.2	1625.057739
2324.02002	2323.99	2304.99	2813.24	1607.8607178
2325.969971	2325.9399414	2306.9399414	2815.2	1989.9483643
2328	2327.969971	2308.969971	2817.24	1990.0806885
2331.97998	2331.9499512	2312.9499512	2821.24	1990.015869
2334.02002	2333.99	2314.99	2823.290039	1990.1253662
2335.959961	2335.9299316	2316.9299316	2825.24	1989.9007568
2338	2337.969971	2318.969971	2827.290039	1990.1253662
2339.02002	2338.9897461	2319.9897461	2828.3100586	1999.7758789
2342	2341.9692383	2322.9692383	2831.290039	1999.639771
2343.02002	2342.9890137	2323.9890137	2832.3100586	1999.7758789
2344.1499023	2344.1188965	2325.1188965	2833.4399414	1999.679199
2346.459961	2346.4284668	2327.4284668	2836.3100586	1609.3341064
2347.3798828	2347.3481445	2328.3481445	2837.4399414	1628.0880127
2349.02002	2348.9880371	2329.9880371	2839.47998	1607.7662354
2350.969971	2350.9377441	2331.9377441	2841.4399414	1989.3569336
2353	2352.9672852	2333.9672852	2843.47998	1989.9637451
2354.02002	2353.987061	2334.987061	2844.5	1999.3085938
2356.99	2356.956543	2337.956543	2847.47998	1992.9229736
2358.01001	2357.9765625	2338.9765625	2848.5	1999.7758789
2359.02002	2358.9863281	2339.9863281	2849.51001	1999.78479
2361.99	2361.955811	2342.955811	2852.5	1986.2486572
2363	2362.9655762	2343.9655762	2853.51001	1999.78479
2364.02002	2363.9853516	2344.9853516	2854.540039	1979.8753662
2366.97998	2366.9448242	2347.9448242	2857.51001	1992.9029541
2368	2367.9646	2348.9646	2858.540039	1980.3336182
2369.02002	2368.984619	2349.984619	2859.5600586	1999.7758789
2372	2371.9641113	2352.9641113	2862.540039	1999.639771
2373.02002	2372.9838867	2353.9838867	2863.5600586	1999.7758789
2374.1499023	2374.1135254	2355.1135254	2864.6899414	1999.679199
2376.469971	2376.4331055	2357.4331055	2867.5600586	1616.3074951
2377.3798828	2377.3430176	2358.3430176	2868.6899414	1610.3725586
2379.02002	2378.982666	2359.982666	2870.719971	1615.6973877
2380.97998	2380.9423828	2361.9423828	2872.6899414	1989.4053955
2383	2382.9621582	2363.9621582	2874.719971	1989.9196777
2384.030029	2383.9919434	2364.9919434	2875.75	1999.3044434
2386.99	2386.951416	2367.951416	2878.719971	1992.9029541
2388.01001	2387.9711914	2368.9711914	2879.75	1980.3336182
2389.030029	2388.9909668	2369.9909668	2880.77002	1999.7758789
2392	2391.960449	2372.960449	2883.75	1992.9229736
2393.01001	2392.9702148	2373.9702148	2884.77002	1980.151489
2394.030029	2393.9902344	2374.9902344	2885.790039	1999.3085938
2397	2396.959961	2377.959961	2888.77002	1993.1586914
2398.01001	2397.969971	2378.969971	2889.790039	1980.4992676
2399.030029	2398.99	2379.99	2890.8100586	2000.1271973
2402	2401.959961	2382.959961	2893.790039	1993.2730713
2403.01001	2402.969971	2383.969971	2894.8100586	1980.4992676
2406.99	2406.9499512	2387.9499512	2898.8100586	1989.8972168
2409.030029	2408.99	2389.99	2900.8601074	1990.3568115
2410.97998	2410.9399414	2391.9399414	2902.8100586	1999.9237061
2413.02002	2412.97998	2393.97998	2904.8601074	1990.3568115
2414.030029	2413.99	2394.99	2905.8701172	1999.66394
2417.02002	2416.97998	2397.97998	2908.8601074	1999.9885254
2418.030029	2417.99	2398.99	2909.8701172	2000.1359863
2419.1599121	2419.119873	2400.119873	2911	2000.0303955
2421.469971	2421.4299316	2402.4299316	2913.8701172	1609.7504883
2422.3898926	2422.3498535	2403.3498535	2915	1628.3739014
2424.030029	2423.99	2404.99	2917.040039	1607.8607178
2426	2425.959961	2406.959961	2919	2010.37854
2428.0500488	2428.01001	2409.01001	2921.040039	2009.7061768
2429.030029	2428.99	2409.99	2922.02002	2000.1634521
2432.0700684	2432.030029	2413.030029	2925.040039	2013.23877
2433.0600586	2433.02002	2414.02002	2926.02002	2020.5936279
2434.1599121	2434.119873	2415.119873	2927.9499512	1139.7454834
2436.530029	2436.49	2417.49	2930.4399414	1903.675171
2437.4199219	2437.3798828	2418.3798828	2932.3701172	922.0553589
2439.030029	2438.99	2419.99	2935.1699219	1150.1796875
2441.4	2441.3598633	2422.3598633	2936.780029	2943.8674316
2443.7	2443.6599121	2424.6599121	2939.5900879	1637.0446777
2444.030029	2443.99	2424.99	2940.6	653.5039063
2448.3898926	2448.3498535	2429.3498535	2944.01001	2557.2077637
2448.709961	2448.6699219	2429.6699219	2945.02002	633.8356934
2449.030029	2448.99	2429.99	2946.02002	640.0305176
2453.3898926	2453.3498535	2434.3498535	2949.4399414	2549.719971
2453.7	2453.6599121	2434.6599121	2950.4399414	620.162109
2458.209961	2458.1699219	2439.1699219	2954.4399414	2255.0339355
2458.26001	2458.219971	2439.219971	2954.469971	3332.0634766
2458.3798828	2458.3398438	2439.3398438	2954.6101074	1710.1496582
2459.030029	2458.99	2439.99	2955.4199219	1605.4825439
2462.719971	2462.6799316	2443.6799316	2958.3	2562.3735352
2463.709961	2463.6699219	2444.6699219	2958.75	4400.9750977
2464.030029	2463.99	2444.99	2958.99	2666.26416
2468.4	2468.3598633	2449.3598633	2962.3898926	2570.6276855
2468.709961	2468.6699219	2449.6699219	2962.6298828	2585.4472656
2469.030029	2468.99	2449.99	2962.8798828	2559.5119629
2473.3898926	2473.3498535	2454.3498535	2966.27002	2572.1347656
2473.7	2473.6599121	2454.6599121	2966.52002	2479.4660645
2474.030029	2473.99	2454.99	2966.77002	2642.076416
2478.3798828	2478.3396	2459.3396	2970.1599121	2566.1494141
2478.7	2478.659668	2459.659668	2970.4099121	2561.03833
2479.030029	2478.989502	2459.989502	2970.6699219	2537.0358887
2483.3898926	2483.3479	2464.3479	2974.0500488	2578.83252
2483.709961	2483.6679688	2464.6679688	2974.3100586	2460.0991211
2484.030029	2483.987793	2464.987793	2974.5500488	2667.960449
2488.4	2488.3562012	2469.3562012	2977.9499512	2569.70874
2488.709961	2488.6660156	2469.6660156	2978.1899414	2581.956543
2489.1599121	2489.1159668	2470.1159668	2978.5500488	2498.7514648
2493.030029	2492.984619	2473.984619	2981.8300781	2358.8669434
2493.4299316	2493.3842773	2474.3842773	2982.1899414	2222.2827148
2494.030029	2493.984375	2474.984375	2982.719971	2263.6906738
2498.0600586	2498.012939	2479.012939	2985.8300781	2590.590332
2498.709961	2498.6625977	2479.6625977	2986.3601074	2451.564209
2499.030029	2498.9824219	2479.9824219	2986.6101074	2558.5969238
2503.4099121	2503.36084	2484.36084	2990	2583.203369
2503.719971	2503.6706543	2484.6706543	2990.25	2478.579834
2504.040039	2503.9907227	2484.9907227	2990.49	2667.960449
2508.4	2508.3498535	2489.3498535	2993.8898926	2564.3271484
2508.709961	2508.6599121	2489.6599121	2994.1298828	2582.8798828
2509.040039	2508.99	2489.99	2994.3898926	2537.9431152
2513.4	2513.3498535	2494.3498535	2997.77002	2579.7548828
2513.719971	2513.6699219	2494.6699219	2998.030029	2463.2368164
2514.1699219	2514.119873	2495.119873	2998.3898926	2499.64502
2518.4099121	2518.3598633	2499.3598633	3001.6699219	2585.4194336
2518.8601074	2518.8100586	2499.8100586	3002.02002	2570.8046875
2519.3	2519.25	2500.25	3002.3798828	2445.6567383
2523.540039	2523.49	2504.49	3005.6599121	2585.4194336
2523.97998	2523.9299316	2504.9299316	3006.02002	2442.4196777
2524.4299316	2524.3798828	2505.3798828	3006.3798828	2501.3015137
2528.27002	2528.219971	2509.219971	3009.6599121	2341.4008789
2528.6699219	2528.619873	2509.619873	3010.3200684	1211.49292
2529.040039	2528.99	2509.99	3010.959961	1157.2001953
2529.5700684	2529.52002	2510.52002	3011.1699219	5046.7739258
2533.3898926	2533.3398438	2514.3398438	3014.6599121	2189.0290527
2533.790039	2533.74	2514.74	3015.4299316	1039.2172852
2534.040039	2533.99	2514.99	3015.959961	943.3882446
2539.040039	2538.99	2519.99	3019.6398926	2717.3981934
2544.040039	2543.99	2524.99	3023.4099121	2652.6081543
2548.9399414	2548.8898926	2529.8898926	3027.4199219	2443.8647461
2553.8798828	2553.829834	2534.829834	3031.4299316	2463.6879883
2554.6	2554.5500488	2535.5500488	3031.8701172	3272.8061523
2554.8100586	2554.76001	2535.76001	3032.9299316	396.2384644
2557.459961	2557.4099121	2538.4099121	3035.5500488	2022.65625
2559.040039	2558.99	2539.99	3036.6699219	2821.940918
2560.5800781	2560.530029	2541.530029	3038.0900879	2169.0368652
2564.8200684	2564.77002	2545.77002	3041.8200684	2273.41748
2569.040039	2568.99	2549.99	3045.530029	2274.897461
2570.6101074	2570.5600586	2551.5600586	3046.969971	2180.9384766
2574.040039	2573.99	2554.99	3050.1298828	2170.8430176
2578.9199219	2578.869873	2559.869873	3054.3200684	2329.1848145
2579.1699219	2579.119873	2560.119873	3054.6298828	1614.4356689
2583.8100586	2583.76001	2564.76001	3058.8	2225.3894043
2584.3100586	2584.26001	2565.26001	3059.24	2272.1040039
2589.040039	2588.99	2569.99	3062.9299316	2563.8376465
2589.1899414	2589.1398926	2570.1398926	3063.4199219	611.9085083
2589.4399414	2589.3898926	2570.3898926	3064.5900879	427.292572
2594.030029	2593.97998	2574.97998	3068.1699219	2564.3986816
2598.9	2598.8498535	2579.8498535	3072.1201172	2465.5354
2603.790039	2603.74	2584.74	3076.0600586	2482.3867188
2608.9	2608.8498535	2589.8498535	3079.8798828	2675.3613281
2609.030029	2608.97998	2589.97998	3080.030029	1735.4276123
2613.5700684	2613.52002	2594.52002	3083.8898926	2352.35376
2614.01001	2613.959961	2594.959961	3084	7988.0864258
2614.030029	2613.97998	2594.97998	3084.1201172	333.8687744
2619	2618.9499512	2599.9499512	3087.969971	2581.814209
2619.01001	2618.959961	2599.959961	3088.0900879	166.60318
2619.030029	2618.97998	2599.97998	3088.209961	334.5338745
2624.0600586	2624.01001	2605.01001	3092.0600586	2612.8518066
2624.0800781	2624.030029	2605.030029	3092.1799316	333.8687744
2624.5900879	2624.540039	2605.540039	3092.6899414	2000.1271973
2624.74	2624.6899414	2605.6899414	3093.6398926	315.6305237
2628.030029	2627.97998	2608.97998	3096.0900879	2685.496582
2629.030029	2628.97998	2609.97998	3097.0900879	2000.14502
2630.4399414	2630.3898926	2611.3898926	3098.6699219	1784.6989746
2634.1599121	2634.1098633	2615.1098633	3101.790039	2384.6381836
2639.3	2639.25	2620.25	3105.0600586	3143.6711426
2644.030029	2643.97998	2624.97998	3107.6499023	3652.9140625
2644.4299316	2644.3798828	2625.3798828	3108.02002	2160.0927734
2649.030029	2648.97998	2629.97998	3110.5	3709.7111816
2654.040039	2653.9885254	2634.9885254	3113.6699219	3160.2026367
2659.6	2659.546631	2640.546631	3117.24	3113.6955566
2664.040039	2663.9848633	2644.9848633	3119.5700684	3809.6401367
2665.030029	2664.974609	2645.974609	3120.5900879	1940.549561
2669.040039	2668.9831543	2649.9831543	3122.459961	4287.4379883
2679.040039	2678.97998	2659.97998	3128.8200684	3143.5021973
2684.6201172	2684.5600586	2665.5600586	3132.3898926	3126.4418945
2689.040039	2688.97998	2669.97998	3134.9	3521.7507324
2690.1101074	2690.0500488	2671.0500488	3135.74	2547.2146
2694.1699219	2694.1098633	2675.1098633	3137.74	4060.1086426
2699.040039	2698.97998	2679.97998	3140.4399414	3607.3735352
2699.3	2699.24	2680.24	3140.7	2001.0274658
2704.040039	2703.97998	2684.97998	3143.280029	3674.1748047
2709.040039	2708.97998	2689.97998	3146.459961	3144.6274414
2714.040039	2713.97998	2694.97998	3149.6398926	3144.8632813
2719.040039	2718.97998	2699.97998	3152.8200684	3144.3916016
2724.040039	2723.97998	2704.97998	3155.99	3154.7980957
2729.040039	2728.97998	2709.97998	3159.1699219	3144.6274414
2734.1699219	2734.1098633	2715.1098633	3162.3200684	3256.8361816
2739.040039	2738.97998	2719.97998	3164.8701172	3819.8693848
2739.3100586	2739.25	2720.25	3165.01001	3858.75293
2744.040039	2743.97998	2724.97998	3167.4499512	3877.0717773
2749.1699219	2749.1098633	2730.1098633	3170.6699219	3186.1821289
2754.040039	2753.97998	2734.97998	3173.280029	3731.9360352
2754.3	2754.24	2735.24	3173.47998	2599.66626
2759.040039	2758.97998	2739.97998	3176	3761.7709961
2764.040039	2763.97998	2744.97998	3179.1398926	3184.98291
2769.040039	2768.9790039	2749.9790039	3182.290039	3173.710449
2774.1799316	2774.1169434	2755.1169434	3185.530029	3171.8051758
2779.3100586	2779.2453613	2760.2453613	3188.780029	3155.7929688
2784.0500488	2783.9836426	2764.9836426	3191.3200684	3730.82373
2784.4499512	2784.3835449	2765.3835449	3191.6699219	2285.93457
2789.0500488	2788.9819336	2769.9819336	3194.1101074	3768.9396973
2794.0500488	2793.9802246	2774.9802246	3197.25	3183.8835449
2799.0500488	2798.97998	2779.97998	3200.4	3174.4089355
2803.969971	2803.9	2784.9	3204.1699219	2609.959961
2809.0500488	2808.97998	2789.97998	3207.4199219	3126.3139648
2809.0800781	2809.01001	2790.01001	3207.9499512	113.3171387
2809.780029	2809.709961	2790.709961	3208.790039	1666.1793213
2814.0500488	2813.97998	2794.97998	3211.3798828	3297.690918
2818.8898926	2818.8198242	2799.8198242	3215.1499023	2567.4794922
2823.719971	2823.6499023	2804.6499023	3218.9299316	2555.51123
2828.72998	2828.6582031	2809.6582031	3222.3798828	2903.4431152
2833.74	2833.6665039	2814.6665039	3225.8400879	2894.782959
2838.8200684	2838.7446289	2819.7446289	3229.290039	2943.9909668
2843.1599121	2843.0830078	2824.0830078	3232.75	2507.7338867
2843.8	2843.7229	2824.7229	3232.9399414	6735.1772461
2848.6799316	2848.6010742	2829.6010742	3236.709961	2587.794189
2853.9	2853.8198242	2834.8198242	3240.99	2438.768311
2854.0600586	2853.97998	2834.97998	3242.22998	258.3134155
2858.74	2858.6599121	2839.6599121	3245.540039	2827.5793457
2858.9	2858.8198242	2839.8198242	3246.780029	257.9692383
2859.0600586	2858.97998	2839.97998	3248.02002	258.3134155
2863.75	2863.6699219	2844.6699219	3251.3400879	2825.0810547
2863.9099121	2863.829834	2844.829834	3252.5700684	260.0193787
2864.1899414	2864.1098633	2845.1098633	3253.9099121	418.0558777
2869.0600586	2868.97998	2849.97998	3258.1201172	2313.4665527
2869.3200684	2869.24	2850.24	3259.8898926	293.8326721
2873.9	2873.8198242	2854.8198242	3264	2228.57666
2874.0600586	2873.97998	2854.97998	3264.3601074	889.1383057
2878.1298828	2878.0498047	2859.0498047	3268.1101074	2170.6611328
2878.280029	2878.2	2859.2	3268.469971	834.1192017
2878.9499512	2878.869873	2859.869873	3269.3300781	1558.001709
2883.9199219	2883.8383789	2864.8383789	3272.5800781	3057.4960938
2884.0600586	2883.9785156	2864.9785156	3272.9	876.3208618
2884.3300781	2884.2485352	2865.2485352	3273.4399414	999.6936646
2889.1899414	2889.106689	2870.106689	3276.8300781	2865.9223633
2894.0700684	2893.9851074	2874.9851074	3280.040039	3039.6896973
2894.3300781	2894.2451172	2875.2451172	3280.8300781	657.9261475
2899.0700684	2898.9833984	2879.9833984	3283.9399414	3047.4733887
2904.0700684	2903.981689	2884.981689	3287.6499023	2694.4646
2909.0700684	2908.97998	2889.97998	3291.3601074	2694.3044434
2914.0700684	2913.97998	2894.97998	3295.0500488	2710.0239258
2919.2	2919.1098633	2900.1098633	3298.8601074	2692.9021
2924.0700684	2923.97998	2904.97998	3302.0800781	3024.8410645
2924.3300781	2924.24	2905.24	3302.8701172	658.3519287
2929.0700684	2928.97998	2909.97998	3305.97998	3048.2919922
2934.0700684	2933.97998	2914.97998	3309.6799316	2702.6896973
2939.0700684	2938.97998	2919.97998	3313.4	2688.29541
2944.2	2944.107666	2925.107666	3317.2	2698.6540527
2949.0700684	2948.9755859	2929.9755859	3320.4099121	3032.9562988
2949.3400879	2949.2456055	2930.2456055	3321.209961	674.8441772
2954.0800781	2953.9833984	2934.9833984	3324.3200684	3046.731689
2959.0800781	2958.9812012	2939.9812012	3328.030029	2694.2219238
2964.0800781	2963.97998	2944.97998	3331.719971	2709.5102539
2969.0800781	2968.97998	2949.97998	3335.4099121	2710.0239258
2974.51001	2974.4099121	2955.4099121	3339.3898926	2728.6628418
2979.0800781	2978.97998	2959.97998	3342.459961	2977.1306152
2979.77002	2979.6699219	2960.6699219	3343.469971	1366.300293
2980.49	2980.3898926	2961.3898926	3343.8300781	3997.0561523
2984.0800781	2983.97998	2964.97998	3346.469971	2720
2989.0800781	2988.97998	2969.97998	3350.1499023	2717.3981934
2994.0800781	2993.97998	2974.97998	3353.8400879	2709.848877
2999.0800781	2998.9797363	2979.9797363	3357.51001	2724.6135254
3004.209961	3004.1086426	2985.1086426	3361.3	2706.6569824
3009.0800781	3008.9777832	2989.9777832	3364.49	3052.790039
3009.3400879	3009.237793	2990.237793	3365.27002	666.484375
3014.0800781	3013.977051	2994.977051	3368.3500977	3077.4838867
3019.0800781	3018.9760742	2999.9760742	3372.02002	2724.3339844
3024.0800781	3023.9753418	3004.9753418	3375.2	3144.0751953
3029.0800781	3028.9743652	3009.9743652	3378.3601074	3164.0014648
3034.0900879	3033.9833984	3014.9833984	3381.52002	3170.335449
3039.0900879	3038.982666	3019.982666	3384.52002	3332.724609
3044.8100586	3044.70166	3025.70166	3388.01001	3277.371582
3049.0900879	3048.980957	3029.980957	3390.0500488	4195.556641
3050.3300781	3050.2207031	3031.2207031	3391.1298828	2295.7980957
3054.219971	3054.1098633	3035.1098633	3392.8500977	4521.8369141
3059.0900879	3058.9790039	3039.9790039	3395.3601074	3880.14917
3059.3500977	3059.2390137	3040.2390137	3395.4399414	6509.6625977
3064.0900879	3063.9782715	3044.9782715	3397.8300781	3965.579834
3069.8100586	3069.6972656	3050.6972656	3401.3200684	3277.371582
3074.0900879	3073.9765625	3054.9765625	3403.3601074	4195.0664063
3075.3300781	3075.2163086	3056.2163086	3404.4399414	2296.3049316
3079.0900879	3078.9755859	3059.9755859	3406.0700684	4612.5068359
3084.0900879	3083.974609	3064.974609	3409.0500488	3355.1223145
3089.0900879	3088.973877	3069.973877	3412.0500488	3332.724609
3094.1	3093.98291	3074.98291	3415.0500488	3339.3967285
3099.8200684	3099.7019043	3080.7019043	3418.540039	3277.371582
3104.1	3103.9812012	3084.9812012	3420.5800781	4195.0664063
3105.4099121	3105.2907715	3086.2907715	3422.3798828	1455.237793
3109.1	3108.9802246	3089.9802246	3424.6	3323.67749
3114.1	3113.9794922	3094.9794922	3428.26001	2731.795166
3119.1	3118.9785156	3099.9785156	3431.9	2747.01001
3124.1	3123.9777832	3104.9777832	3435.5600586	2731.621582
3129.8100586	3129.6867676	3110.6867676	3439.709961	2751.3740234
3134.1	3133.9760742	3114.9760742	3442.8300781	2749.3918457
3135.51001	3135.3857422	3116.3857422	3444.0500488	2310.958252
3139.1	3138.9750977	3119.9750977	3446.6699219	2740.3239746
3144.1	3143.9743652	3124.9743652	3450.3200684	2739.1152344
3149.1	3148.9733887	3129.9733887	3453.97998	2731.799561
3154.1101074	3153.982666	3134.982666	3457.6298828	2744.7780762
3159.1101074	3158.981689	3139.981689	3461.280029	2739.1152344
3164.1101074	3163.980957	3144.980957	3464.9499512	2724.5227051
3169.1101074	3168.9802246	3149.9802246	3468.209961	3066.9482422
3174.24	3174.1101074	3155.1101074	3471.5800781	3044.3986816
3179.1101074	3178.9802246	3159.9802246	3474.3500977	3516.0947266
3179.3798828	3179.25	3160.25	3474.709961	1499.69519
3184.1101074	3183.9802246	3164.9802246	3477.3898926	3530.2490234
3189.1101074	3188.9802246	3169.9802246	3480.6398926	3076.8076172
3194.1101074	3193.9802246	3174.9802246	3483.9199219	3048.85083
3199.1101074	3198.9802246	3179.9802246	3487.1799316	3067.3569336
3204.1101074	3203.9802246	3184.9802246	3490.4499512	3058.1875
3209.1101074	3208.9802246	3189.9802246	3493.709961	3067.3569336
3214.1101074	3213.9802246	3194.9802246	3496.97998	3058.1875
3219.1101074	3218.9802246	3199.9802246	3500.1599121	3144.6274414
3224.1101074	3223.9802246	3204.9802246	3503.3100586	3174.6169434
3229.24	3229.1101074	3210.1101074	3506.5800781	3137.4
3234.1101074	3233.9802246	3214.9802246	3509.26001	3634.65332
3239.1101074	3238.9802246	3219.9802246	3511.77002	3983.951416
3244.1101074	3243.9802246	3224.9802246	3514.9299316	3164.5571289
3249.1101074	3248.9802246	3229.9802246	3518.1	3154.560791
3254.8898926	3254.76001	3235.76001	3521.8100586	3115.7607422
3259.1101074	3258.9802246	3239.9802246	3524.25	3459.2268066
3260.6799316	3260.5500488	3241.5500488	3525.3898926	2754.3693848
3264.1101074	3263.9802246	3244.9802246	3527.3	3591.4128418
3269.1101074	3268.9802246	3249.9802246	3529.74	4098.4013672
3274.8898926	3274.76001	3255.76001	3532.709961	3892.137207
3279.1101074	3278.9802246	3259.9802246	3534.4199219	4936.102539
3280.6699219	3280.540039	3261.540039	3534.8300781	7607.3676758
3284.1101074	3283.9802246	3264.9802246	3536.01001	5831.1181641
3289.1101074	3288.979248	3269.979248	3538.4399414	4114.5546875
3294.1101074	3293.9785156	3274.9785156	3540.8701172	4114.1513672
3299.1101074	3298.977539	3279.977539	3543.5800781	3689.5603027
3306.1799316	3306.0461426	3287.0461426	3546.780029	4417.775391
3309.1101074	3308.97583	3289.97583	3547.6398926	6815.2250977
3313.22998	3313.094971	3294.094971	3549.1799316	5348.88916
3316.1499023	3316.01416	3297.01416	3550.8400879	3517.1193848
3319.1101074	3318.973877	3299.973877	3552.52002	3523.63916
3323.1899414	3323.0529785	3304.0529785	3554.8400879	3516.39209
3324.1101074	3323.9731445	3304.9731445	3555.3601074	3538.5292969
3329.1101074	3328.972168	3309.972168	3558.1899414	3533.1992188
3336.1599121	3336.020752	3317.020752	3562.1899414	3524.107666
3339.1101074	3338.970459	3319.970459	3563.8601074	3532.2780762
3343.22998	3343.0900879	3324.0900879	3566.1899414	3536.498779
3344.1201172	3343.9802246	3324.9802246	3566.6899414	3560.8049316
3349.1201172	3348.9802246	3329.9802246	3569.530029	3521.0744629
3354.1101074	3353.9702148	3334.9702148	3572.3701172	3514.0256348
3359.1101074	3358.9702148	3339.9702148	3575.209961	3521.3701172
3364.24	3364.1	3345.1	3578.1398926	3501.7150879
3369.1101074	3368.9702148	3349.9702148	3579.8100586	5831.2167969
3369.3798828	3369.24	3350.24	3581.0800781	424.9042358
3374.1101074	3373.9702148	3354.9702148	3582.6499023	6025.8164063
3379.1101074	3378.9702148	3359.9702148	3585.47998	3533.5332031
3384.1101074	3383.9702148	3364.9702148	3588.3200684	3521.0744629
3389.1101074	3388.9702148	3369.9702148	3591.1599121	3521.3701172
3394.1101074	3393.9702148	3374.9702148	3593.99	3533.2355957
3399.1101074	3398.969971	3379.969971	3596.8200684	3533.397949
3404.1201172	3403.979248	3384.979248	3599.6599121	3527.810791
3409.1201172	3408.9782715	3389.9782715	3602.5	3520.4667969
3414.1201172	3413.977539	3394.977539	3605.3300781	3532.92334
3419.1201172	3418.9765625	3399.9765625	3608.1699219	3520.4667969
3424.25	3424.1054688	3405.1054688	3611.1	3500.8259277
3429.1201172	3428.9748535	3409.9748535	3612.780029	5797.1123047
3429.3798828	3429.234619	3410.234619	3614.040039	412.2414246
3434.1201172	3433.973877	3414.973877	3615.6101074	6037.525391
3439.1201172	3438.9731445	3419.9731445	3618.4499512	3520.7624512
3444.1201172	3443.972168	3424.972168	3621.290039	3520.4667969
3449.1201172	3448.9714355	3429.9714355	3624.1101074	3545.1687012
3454.1201172	3453.970459	3434.970459	3626.9499512	3520.7624512
3459.1298828	3458.97876	3439.97876	3629.790039	3526.9353027
3464.1298828	3463.977051	3444.977051	3632.6201172	3532.27002
3469.1298828	3468.9753418	3449.9753418	3635.459961	3520.1113281
3474.1298828	3473.9733887	3454.9733887	3638.3	3519.8156738
3479.26001	3479.1018066	3460.1018066	3641.22998	3500.6298828
3484.1298828	3483.969971	3464.969971	3642.9	5829.6738281
3484.4	3484.2397461	3465.2397461	3644.1699219	425.1419678
3489.1398926	3488.9782715	3469.9782715	3645.74	6035.255859
3494.27002	3494.1064453	3475.1064453	3648.6799316	3488.7495117
3499.1398926	3498.9748535	3479.9748535	3650.3500977	5829.7436523
3499.4099121	3499.2446289	3480.2446289	3651.6201172	425.0621643
3504.27002	3504.1030273	3485.1030273	3653.280029	5853.987793
3509.4	3509.2312012	3490.2312012	3656.219971	3488.5834961
3514.1398926	3513.9694824	3494.9694824	3657.8	5997.9169922
3514.530029	3514.359619	3495.359619	3659.1599121	573.5579224
3519.1499023	3518.9777832	3499.9777832	3660.6298828	6282.991699
3524.1499023	3523.9760742	3504.9760742	3663.469971	3519.859131
3529.1499023	3528.9743652	3509.9743652	3666.3	3532.313721
3534.280029	3534.1027832	3515.1027832	3669.24	3488.7495117
3539.1499023	3538.9709473	3519.9709473	3670.9099121	5830.5761719
3539.4199219	3539.2409668	3520.2409668	3672.1799316	425.0621643
3544.1499023	3543.9685059	3524.9685059	3673.75	6022.4125977
3549.1599121	3548.9748535	3529.9748535	3676.5900879	3525.3051758
3554.1599121	3553.9711914	3534.9711914	3679.4199219	3531.3044434
3559.1599121	3558.9677734	3539.9677734	3682.25	3531.0068359
3564.1699219	3563.9741211	3544.9741211	3685.0900879	3525.6010742
3569.1699219	3568.970459	3549.970459	3687.9199219	3531.3044434
3574.1799316	3573.9772949	3554.9772949	3690.76001	3525.741211
3579.1799316	3578.973877	3559.973877	3693.6	3518.4294434
3584.1799316	3583.970459	3564.970459	3696.4399414	3519.0202637
3589.1799316	3588.9672852	3569.9672852	3699.26001	3543.7141113
3594.3100586	3594.0939941	3575.0939941	3702.2	3487.6252441
3599.1899414	3598.970459	3579.970459	3703.8798828	5805.8623047
3599.4499512	3599.2304688	3580.2304688	3705.1398926	412.4246826
3604.2	3603.9755859	3584.9755859	3706.709961	6045
3609.2	3608.970459	3589.970459	3709.5500488	3517.133301
3614.209961	3613.9753418	3594.9753418	3712.3798828	3537.2390137
3619.3500977	3619.1101074	3600.1101074	3715.3200684	3492.859375
3624.219971	3623.9748535	3604.9748535	3716.99	5826.5498047
3624.49	3624.2446289	3605.2446289	3718.26001	424.7686462
3629.219971	3628.9697266	3609.9697266	3719.8300781	6019.2553711
3634.22998	3633.9743652	3614.9743652	3722.6699219	3524.6357422
3639.22998	3638.9689941	3619.9689941	3725.5	3529.446289
3644.24	3643.9736328	3624.9736328	3728.3300781	3536.8100586
3649.3798828	3649.10791	3630.10791	3731.27002	3492.8474121
3654.25	3653.9729	3634.9729	3732.9399414	5826.6259766
3654.52002	3654.2426758	3635.2426758	3734.209961	424.752899
3659.25	3658.9665527	3639.9665527	3735.780029	6017.703125
3664.26001	3663.96875	3644.96875	3738.6201172	3522.69043
3669.27002	3668.9711914	3649.9711914	3741.4499512	3535.4526367
3674.280029	3673.9733887	3654.9733887	3744.280029	3534.8569336
3679.290039	3678.9755859	3659.9755859	3747.1201172	3522.69043
3684.290039	3683.96875	3664.96875	3749.959961	3516.4370117
3689.3	3688.9736328	3669.9736328	3752.790039	3537.0632324
3694.3	3693.96875	3674.96875	3755.6298828	3517.845459
3699.3100586	3698.9736328	3679.9736328	3758.459961	3536.7651367
3704.3100586	3703.96875	3684.96875	3761.3	3517.5500488
3709.3200684	3708.9736328	3689.9736328	3764.1298828	3537.361084
3714.3200684	3713.9680176	3694.9680176	3766.969971	3517.1594238
3719.3300781	3718.9709473	3699.9709473	3769.8100586	3523.109131
3724.3400879	3723.973877	3704.973877	3772.6398926	3535.5751953
3729.469971	3729.0964355	3710.0964355	3775.5800781	3484.5456543
3734.3500977	3733.9697266	3714.9697266	3777.25	5836.5634766
3734.6101074	3734.229248	3715.229248	3778.51001	412.1135559
3739.3601074	3738.9726563	3719.9726563	3780.0900879	6004.1132813
3744.3601074	3743.9665527	3724.9665527	3782.9199219	3529.6367188
3749.3701172	3748.9711914	3729.9711914	3785.76001	3524.3398438
3754.3701172	3753.96582	3734.96582	3788.6	3517.00293
3759.51001	3759.1003418	3740.1003418	3791.530029	3504.7849121
3764.3898926	3763.9748535	3744.9748535	3793.2	5838.30957
3764.6599121	3764.2446289	3745.2446289	3794.469971	424.752899
3769.3898926	3768.9694824	3749.9694824	3796.040039	6019.0947266
3774.3898926	3773.9648438	3754.9648438	3798.8798828	3517.9589844
3779.4	3778.969971	3759.969971	3801.709961	3537.17749
3784.4	3783.9650879	3764.9650879	3804.540039	3529.8129883
3789.4099121	3788.9702148	3769.9702148	3807.3798828	3525.0019531
3794.4099121	3793.965332	3774.965332	3810.209961	3530.1103516
3799.4199219	3798.970459	3779.970459	3813.0500488	3524.705811
3804.4199219	3803.965332	3784.965332	3815.8898926	3517.751221
3809.4299316	3808.9702148	3789.9702148	3818.719971	3536.940918
3814.4299316	3813.9650879	3794.9650879	3821.5600586	3517.133301
3819.4399414	3818.969971	3799.969971	3824.3898926	3537.2390137
3824.4399414	3823.9646	3804.9646	3827.22998	3517.4284668
3829.4499512	3828.9694824	3809.9694824	3830.0600586	3536.940918
3834.4499512	3833.9643555	3814.9643555	3832.9	3517.723877
3839.459961	3838.9692383	3819.9692383	3835.74	3524.1743164
3844.469971	3843.973877	3824.973877	3838.5700684	3536.940918
3849.469971	3848.96875	3829.96875	3841.4	3530.171631
3854.47998	3853.9736328	3834.9736328	3844.24	3524.4702148
3859.6201172	3859.1088867	3840.1088867	3847.1799316	3493.5231934
3864.47998	3863.9655762	3844.9655762	3848.8500977	5815.7524414
3864.75	3864.2353516	3845.2353516	3850.1201172	424.9154053
3869.49	3868.972168	3849.972168	3851.6899414	6034.0883789
3879.49	3878.9650879	3859.9650879	3857.3500977	3531.0939941
3884.5	3883.97168	3864.97168	3860.1899414	3525.984131
3889.5	3888.9672852	3869.9672852	3863.030029	3517.9709473
3894.51001	3893.9719238	3874.9719238	3865.8701172	3524.3398438
3899.6499023	3899.1062012	3880.1062012	3868.8100586	3492.564209
3904.52002	3903.9711914	3884.9711914	3870.469971	5861.7768555
3904.790039	3904.2409668	3885.2409668	3871.75	421.4302063
3909.52002	3908.96582	3889.96582	3873.3100586	6057.6796875
3914.530029	3913.970459	3894.970459	3876.1398926	3537.10791
3919.530029	3918.9655762	3899.9655762	3878.97998	3517.6293945
3924.540039	3923.9707031	3904.9707031	3881.8200684	3524.705811
3929.540039	3928.96582	3909.96582	3884.6599121	3517.6638184
3934.5500488	3933.9709473	3914.9709473	3886.3400879	5958.0385742
3939.5500488	3938.9663086	3919.9663086	3888.02002	5946.9785156
3944.5600586	3943.9714355	3924.9714355	3889.719971	5888.6811523
3949.5600586	3948.967529	3929.967529	3891.4	5948.053711
3954.5600586	3953.9638672	3934.9638672	3893.0900879	5912.4067383
3959.5700684	3958.9702148	3939.9702148	3894.780029	5925.0791016
3964.5700684	3963.9667969	3944.9667969	3896.469971	5912.4067383
3969.5700684	3968.9631348	3949.9631348	3898.1499023	5948.48877
3974.5800781	3973.9694824	3954.9694824	3899.8500977	5889.1831055
3979.5800781	3978.9646	3959.9646	3901.530029	5947.025391
3990.780029	3990.1538086	3971.1538086	3905.530029	5594.6669922
3999.6	3998.965332	3979.965332	3908.6799316	5594.6870117
4002.1298828	4001.4926758	3982.4926758	3909.530029	5946.980957
4004.6101074	4003.9707031	3984.9707031	3910.3601074	5969.45459
4009.6101074	4008.9667969	3989.9667969	3912.0600586	5878.29541
4014.6101074	4013.9633789	3994.9633789	3913.74	5948.48877
4019.6201172	4018.9697266	3999.9697266	3915.4299316	5925.0791016
4024.6201172	4023.9663086	4004.9663086	3917.1201172	5911.5727539
4029.6201172	4028.9626465	4009.9626465	3918.8100586	5913.2407227
4034.6298828	4033.9682617	4014.9682617	3920.49	5959.4848633
4039.6298828	4038.9631348	4019.9631348	3922.1899414	5876.522949
4044.6398926	4043.9680176	4024.9680176	3923.8701172	5957.6401367
4049.6398926	4048.9626465	4029.9626465	3925.5600586	5911.3442383
4054.6499023	4053.967529	4034.967529	3927.25	5923.178711
4059.6499023	4058.9624023	4039.9624023	3928.9399414	5910.5102539
4064.6599121	4063.9672852	4044.9672852	3930.6201172	5957.6401367
4069.6599121	4068.9621582	4049.9621582	3932.3100586	5911.3442383
4074.6699219	4073.9667969	4054.9667969	3934	5923.178711
4079.6699219	4078.96167	4059.96167	3935.6799316	5946.5805664
4089.6799316	4088.9614258	4069.9614258	3939.26001	5586.2480469
4094.6899414	4093.96875	4074.96875	3940.9499512	5926.193359
4099.6899414	4098.9667969	4079.967041	3942.6298828	5950.6899414
4104.6899414	4103.965332	4084.965332	3944.3300781	5879.7592773
4109.6899414	4108.9638672	4089.963623	3946.01001	5949.8457031
4114.6899414	4113.9619141	4094.9619141	3947.709961	5880.5839844
4119.7001953	4118.9702148	4099.9702148	3949.3898926	5962.8935547
4124.7001953	4123.9667969	4104.9667969	3951.0800781	5912.675293
4134.709961	4133.9697266	4114.9697266	3954.6599121	5588.4140625
4139.709961	4138.9663086	4119.9663086	3956.3400879	5947.7915039
4144.709961	4143.962891	4124.962891	3958.02002	5948.6352539
4149.7202148	4148.9697266	4129.9697266	3959.719971	5890.8178711
4154.7202148	4153.9677734	4134.9677734	3961.4	5950.102539
4159.7202148	4158.965332	4139.965332	3963.0900879	5913.1767578
4169.7202148	4168.9609375	4149.9609375	3966.469971	5914.8452148
4174.72998	4173.9677734	4154.9677734	3968.1499023	5961.0166016
4179.72998	4178.9648438	4159.9648438	3969.8500977	5878.241699
4184.72998	4183.9619141	4164.9619141	3971.530029	5949.1542969
4189.72998	4188.9594727	4169.9594727	3973.219971	5914.4482422
4194.7402344	4193.9677734	4174.9677734	3974.9099121	5926.7744141
4199.7402344	4198.9663086	4179.9663086	3976.5900879	5949.8959961
4214.7402344	4213.9614258	4194.9614258	3981.6599121	5915.4790039
4219.75	4218.9692383	4199.9692383	3983.3500977	5926.14209
4224.75	4223.9672852	4204.9672852	3985.040039	5915.3793945
4229.75	4228.96582	4209.96582	3986.719971	5949.79541
4234.75	4233.9638672	4214.9638672	3988.4199219	5880.53418
4239.75	4238.9624023	4219.9624023	3990.1	5949.79541
4244.75	4243.960449	4224.960449	3991.790039	5915.3793945
4249.7597656	4248.9682617	4229.9682617	3993.47998	5927.0078125
4254.7597656	4253.9667969	4234.9667969	3995.1699219	5915.4790039
4259.7597656	4258.965332	4239.965332	3996.8500977	5949.8959961
4264.7597656	4263.9633789	4244.9633789	3998.5500488	5880.633301
4274.7597656	4273.959961	4254.959961	4001.909668	5950.7402344
4279.77002	4278.9682617	4259.9682617	4003.6101074	5890.8754883
4284.77002	4283.9667969	4264.9667969	4005.290039	5950.5649414
4296.6098633	4295.8022461	4276.8022461	4009.2902832	5917.477539
4299.77002	4298.9609375	4279.9609375	4010.3603516	5904.5463867
4304.77002	4303.959961	4284.959961	4012.040039	5951.3364258
4308.4501953	4307.6401367	4288.6401367	4013.3	5842.4589844
4309.77002	4308.959961	4289.959961	4013.74	5997.5556641
4314.77002	4313.959961	4294.959961	4015.4199219	5952.7446289
4319.77002	4318.959961	4299.959961	4017.119873	5882.6142578
4324.77002	4323.959961	4304.959961	4018.800293	5951.0556641
4329.77002	4328.9594727	4309.9594727	4020.4902344	5917.175293
4334.77002	4333.9580078	4314.9580078	4022.1801758	5915.54541
4339.7797852	4338.9663086	4319.9663086	4023.8598633	5962.4296875
4351.6201172	4350.8027344	4331.8027344	4027.8601074	5917.9624023
4354.7797852	4353.9614258	4334.9614258	4028.9296875	5906.5063477
4359.7797852	4358.959961	4339.959961	4030.6101074	5949.42041
4363.459961	4362.6401367	4343.6401367	4031.869873	5842.4589844
4364.7797852	4363.959961	4344.959961	4032.3100586	5997.5556641
4369.7797852	4368.959961	4349.959961	4033.99	5952.7446289
4381.6201172	4380.800293	4361.800293	4037.99	5919.88916
4384.7797852	4383.959961	4364.959961	4039.0600586	5905.796875
4392.9702148	4392.150391	4373.150391	4042	5572.2875977
4394.7797852	4393.959961	4374.959961	4042.6396484	5655.6542969
4399.7797852	4398.959961	4379.959961	4044.3200684	5951.0556641
4409.7797852	4408.959961	4389.959961	4047.8896484	5602.86377
4414.7797852	4413.959961	4394.959961	4049.5800781	5915.8027344
4419.7797852	4418.9589844	4399.9589844	4051.27002	5916.347168
4424.7797852	4423.95752	4404.95752	4052.9499512	5950.709961
4429.790039	4428.96582	4409.96582	4054.6499023	5892.6635742
4434.790039	4433.9643555	4414.9643555	4056.3303223	5949.0214844
4444.790039	4443.9609375	4424.9609375	4059.709961	5915.4492188
4449.790039	4448.959961	4429.959961	4061.4	5916.5776367
4454.790039	4453.959961	4434.959961	4063.0803223	5951.0556641
4459.790039	4458.959961	4439.959961	4064.7802734	5882.6142578
4469.790039	4468.959961	4449.959961	4068.340332	5617.8730469
4474.790039	4473.959961	4454.959961	4070.0302734	5917.47168
4479.790039	4478.9584961	4459.9584961	4071.7202148	5915.5629883
4484.790039	4483.956543	4464.956543	4073.4101563	5915.4790039
4489.7998047	4488.9648438	4469.9648438	4075.0898438	5962.362793
4494.7998047	4493.962891	4474.962891	4076.7897949	5880.633301
4499.7998047	4498.9614258	4479.9614258	4078.4697266	5950.7402344
4504.7998047	4503.959961	4484.959961	4080.170166	5879.30127
4509.7998047	4508.959961	4489.959961	4081.8500977	5952.7446289
4514.7998047	4513.959961	4494.959961	4083.540039	5917.47168
4524.7998047	4523.959961	4504.959961	4087.1201172	5586.446289
4529.7998047	4528.959961	4509.959961	4088.8	5952.7446289
4534.7998047	4533.9594727	4514.9594727	4090.4797363	5952.383301
4539.7998047	4538.95752	4519.95752	4092.1796875	5880.3803711
4544.7998047	4543.9560547	4524.9560547	4093.8601074	5948.79541
4555.4101563	4554.5620117	4535.5620117	4097.6699219	5567.727051
4559.8100586	4558.960449	4539.960449	4098.9301758	6979.7651367
4564.8100586	4563.959961	4544.959961	4100.6098633	5953.8969727
4566.0297852	4565.1796875	4546.1796875	4101.4702148	2835.8669434
4569.8100586	4568.959961	4549.959961	4102.3100586	8998.647461
4574.8100586	4573.959961	4554.959961	4103.9902344	5952.7446289
4585.4101563	4584.5600586	4565.5600586	4107.790039	5579.1230469
4589.8100586	4588.959961	4569.959961	4109.0600586	6927.3754883
4594.8100586	4593.959961	4574.959961	4110.7402344	5952.7446289
4596.040039	4595.1899414	4576.1899414	4111.6	2861.293457
4599.8100586	4598.959961	4579.959961	4112.4301758	9082.4863281
4604.8100586	4603.959961	4584.959961	4114.1201172	5917.47168
4614.8100586	4613.959961	4594.959961	4117.7001953	5586.446289
4619.8100586	4618.959961	4599.959961	4119.3798828	5952.7446289
4629.8100586	4628.959961	4609.959961	4122.9501953	5602.1157227
4634.8100586	4633.959961	4614.959961	4124.6499023	5882.6142578
4639.8100586	4638.959961	4619.959961	4126.3300781	5952.7446289
4644.8100586	4643.959961	4624.959961	4128.02002	5917.47168
4649.8100586	4648.9594727	4629.9594727	4129.709961	5915.4682617
4654.8100586	4653.9580078	4634.9580078	4131.4	5915.4077148
4659.8100586	4658.9560547	4639.9560547	4133.0800781	5950.668457
4664.8100586	4663.95459	4644.95459	4134.7797852	5880.5625
4669.8198242	4668.9624023	4649.9624023	4136.459961	5962.2910156
4674.8198242	4673.9609375	4654.9609375	4138.1401367	5948.97998
4679.8198242	4678.959961	4659.959961	4139.8398438	5883.3701172
4689.8198242	4688.959961	4669.959961	4143.4101563	5601.3676758
4694.8198242	4693.959961	4674.959961	4145.0898438	5954.4350586
4704.8198242	4703.959961	4684.959961	4148.6699219	5586.446289
4709.8198242	4708.9584961	4689.9584961	4150.3598633	5915.8735352
4719.8198242	4718.9550781	4699.9550781	4153.9399414	5584.4711914
4724.8198242	4723.953125	4704.953125	4155.6201172	5948.95166
4729.8300781	4728.9619141	4709.9619141	4157.3100586	5927.5107422
4734.8300781	4733.959961	4714.959961	4161.2998047	2505.5700684
4739.8300781	4738.9584961	4719.9584961	4165.2998047	2499.0109863
4744.8198242	4743.946289	4724.946289	4169.2998047	2494.1835938
4744.8300781	4743.956543	4724.956543	4169.3100586	1954.2272949
4749.8300781	4748.95459	4729.95459	4173.2998047	2505.5820313
4754.8300781	4753.953125	4734.953125	4177.2998047	2499.01123
4759.8398438	4758.9609375	4739.9609375	4181.2998047	2504.1906738
4764.8398438	4763.959961	4744.959961	4185.2998047	2499.3320313
4769.8398438	4768.959961	4749.959961	4189.2998047	2500.1811523
4774.8398438	4773.959961	4754.959961	4193.2998047	2499.883301
4779	4778.1201172	4759.1201172	4196.6298828	2498.419189
