[           nan            nan            nan            nan
            nan            nan            nan            nan
            nan            nan            nan            nan
            nan            nan            nan            nan
            nan            nan            nan            nan
            nan            nan            nan            nan
            nan            nan            nan            nan
            nan            nan            nan            nan
            nan            nan            nan            nan
            nan            nan            nan            nan
            nan            nan            nan            nan
            nan            nan            nan            nan
            nan            nan            nan            nan
            nan            nan            nan            nan
            nan            nan            nan            nan
            nan            nan            nan            nan
            nan            nan            nan            nan
            nan            nan  5905.6670045   5686.87968723
  5985.81097578  6135.26364533  6290.18176147  6893.53263263
  6483.31988871  5253.98896148  4925.94720633  5695.94385061
  5846.91370162  6984.33239006  7421.65186089  8387.27931759
  7993.43922846  7824.98846395  6449.90118357  5284.59542908
  6091.99180239  6784.02633544  7217.89037344  5357.62842003
  5903.49500336  6297.08051568  5781.70161171  5204.06401974
  6240.60454859  5151.47421219  6863.26070396  6268.99342659
  5676.05557917  6522.16272812  6129.70790747  7277.88370314
  6531.74106156  6546.16299544  8071.86661949  5815.42498181
  5625.35104599  5069.9397885   4992.44788832  5193.31279281
  4838.62468427  5017.63020327  5132.00312235  4882.91822153
  5030.20037841  5140.09643589  5799.4871645   6710.35728203
  6930.3694722   6008.89383607  5912.25597932  5461.94943224
  5367.73605517  5300.61490024  5338.36776737  6231.71706551
  6235.98266912  6069.02002611  5408.64681825  6902.13316133
  5889.846883    5783.85470106  6321.16554498  6552.98647694
  6063.09616763  5255.91365915  5403.36229511  5439.74435606
  5552.23837466  5519.43766877  5417.16744372  5689.8936248
  5705.25622246  5425.57150573  4944.39495292  5097.12047429
  5673.09205488  5272.4423629   5744.21853061  5872.07875397
  6143.15043797  6658.47741875  6666.43962759  6841.9123668
  6842.00116935  7068.45367829  6625.91009302  6562.10037444
  6695.03954316  6330.93240847  6388.57503393  6937.30936793
  6389.11907886  6567.27908895  6701.6198726   6438.82360353
  6352.80874546  6616.42226324  6672.65791531  6798.67938344
  7014.72848127  7267.35400356  7057.06344614  7316.01132635
  7296.28649368  7077.6699111   7161.1272809   7211.82259783
  7113.08921816  7100.81778605  7492.92186446  6628.72793133
  6063.76561164  6289.25392124  6565.0368238   6571.63552888
  7813.9704772   6480.98151871  6371.94116938  6562.8065956
  6053.12851189  6027.74707118  6975.30211529  6050.00707852
  6582.66941856  6997.04256643  6099.11813345  6298.64616958
  6011.44693832  5967.74099567  6254.71506598  6587.44618437
  6097.87314704  6468.71066289  7080.23161063  7097.18584928
  7464.48729259  7125.14765696  7759.44379247  7385.14552985
  7397.19108015  8020.73505261  7732.68044826  7751.88406983
  8189.27170904  8549.61472617  9229.58988598  8787.19699486
  8809.30849575  9021.61266556  8508.14315269  9270.59714739
  8812.10446197  8463.63826385 10076.57884285  8450.15632718
  9947.32716231  8454.79995305  8607.96808803  8240.1570267
  8336.60856981  8433.27204731  9243.01409973  9227.67163554
  9248.66047518  8485.10254863  8613.6718858   8193.24977821
  8003.18987409  8522.11698039  8586.7578642   8785.45501844
  8913.33540875 10523.71307221  8666.05009975  8040.40895548
  7520.94579053  8165.3809082   8951.42762522  9994.6953715
 10940.17038879 10620.30036359 11107.94859468 10695.66279131
  9779.11391993  9755.78797578  9906.96945679 10085.752776
 10416.72810077 10708.26310294 10996.48998401 10573.41727831
 10896.42896832 11118.21436344 11245.90120336 10706.32200642
  9780.89292495 10308.52824112  8419.03677929  8680.57874339
  9835.57070842 10796.65013973 12259.28071051 12944.80632491
 12440.44780841 10310.70001706  9157.9143751   9514.15054135
 10324.88772349  9961.43221509 10701.6765721  10242.7283894
 10290.8025336  11199.05052034 12326.60393718 13096.56005282
 12107.58287938 11494.5026506  13880.89709436 12091.08281889
 11462.15887784 12043.49700467 12781.82683707 11073.24156489
 11039.55643718 10899.06488124 11856.20887045 11526.21490207]
['6-BRSA-497-ESS']